    0.0000000000E+00   -0.5514943780E-01   -0.4817195660E-01   -0.4817195043E-01    0.2692232362E+02    0.2692232362E+02    0.3229759689E+02    0.3229759689E+02    0.4518297466E+02    0.4550451025E+02
    0.5235425020E-02   -0.2270306600E-01   -0.2270305292E-01    0.5935131789E-01    0.2692225028E+02    0.2692225028E+02    0.3229755478E+02    0.3229755478E+02    0.4518236291E+02    0.4550534037E+02
    0.1047085004E-01    0.6998687027E-01    0.6998687451E-01    0.1523413990E+00    0.2692203034E+02    0.2692203034E+02    0.3229742851E+02    0.3229742851E+02    0.4518054747E+02    0.4550781063E+02
    0.1570627506E-01    0.1179620178E+00    0.1179620203E+00    0.2366307899E+00    0.2692166401E+02    0.2692166401E+02    0.3229721820E+02    0.3229721820E+02    0.4517758521E+02    0.4551186329E+02
    0.2094170008E-01    0.1628696976E+00    0.1628696994E+00    0.3191352871E+00    0.2692115168E+02    0.2692115168E+02    0.3229692406E+02    0.3229692406E+02    0.4517356318E+02    0.4551740987E+02
    0.2617712510E-01    0.2066895058E+00    0.2066895073E+00    0.4008990598E+00    0.2692049387E+02    0.2692049387E+02    0.3229654639E+02    0.3229654639E+02    0.4516858912E+02    0.4552434060E+02
    0.3141255012E-01    0.2499630432E+00    0.2499630443E+00    0.4822358371E+00    0.2691969125E+02    0.2691969125E+02    0.3229608555E+02    0.3229608555E+02    0.4516278161E+02    0.4553253431E+02
    0.3664797514E-01    0.2929000987E+00    0.2929000997E+00    0.5632646719E+00    0.2691874463E+02    0.2691874463E+02    0.3229554202E+02    0.3229554202E+02    0.4515626150E+02    0.4554186700E+02
    0.4188340016E-01    0.3355964691E+00    0.3355964699E+00    0.6440338153E+00    0.2691765499E+02    0.2691765499E+02    0.3229491632E+02    0.3229491632E+02    0.4514914547E+02    0.4555221829E+02
    0.4711882518E-01    0.3780995908E+00    0.3780995916E+00    0.7245605948E+00    0.2691642343E+02    0.2691642343E+02    0.3229420909E+02    0.3229420909E+02    0.4514154183E+02    0.4556347559E+02
    0.5235425020E-01    0.4204333957E+00    0.4204333964E+00    0.8048470665E+00    0.2691505121E+02    0.2691505121E+02    0.3229342103E+02    0.3229342103E+02    0.4513354837E+02    0.4557553633E+02
    0.5758967522E-01    0.4626092357E+00    0.4626092363E+00    0.8848870492E+00    0.2691353973E+02    0.2691353973E+02    0.3229255293E+02    0.3229255293E+02    0.4512525156E+02    0.4558830869E+02
    0.6282510024E-01    0.5046312268E+00    0.5046312274E+00    0.9646696175E+00    0.2691189054E+02    0.2691189054E+02    0.3229160565E+02    0.3229160565E+02    0.4511672681E+02    0.4560171140E+02
    0.6806052526E-01    0.5464990814E+00    0.5464990819E+00    0.1044180976E+01    0.2691010530E+02    0.2691010530E+02    0.3229058013E+02    0.3229058013E+02    0.4510803920E+02    0.4561567301E+02
    0.7329595028E-01    0.5882097102E+00    0.5882097107E+00    0.1123405528E+01    0.2690818584E+02    0.2690818584E+02    0.3228947740E+02    0.3228947740E+02    0.4509924452E+02    0.4563013086E+02
    0.7853137530E-01    0.6297581755E+00    0.6297581759E+00    0.1202326519E+01    0.2690613411E+02    0.2690613411E+02    0.3228829855E+02    0.3228829855E+02    0.4509039041E+02    0.4564502996E+02
    0.8376680032E-01    0.6711382834E+00    0.6711382838E+00    0.1280926440E+01    0.2690395220E+02    0.2690395220E+02    0.3228704477E+02    0.3228704477E+02    0.4508151736E+02    0.4566032198E+02
    0.8900222534E-01    0.7123429664E+00    0.7123429668E+00    0.1359187288E+01    0.2690164233E+02    0.2690164233E+02    0.3228571729E+02    0.3228571729E+02    0.4507265979E+02    0.4567596423E+02
    0.9423765036E-01    0.7533645377E+00    0.7533645381E+00    0.1437090747E+01    0.2689920685E+02    0.2689920685E+02    0.3228431744E+02    0.3228431744E+02    0.4506384687E+02    0.4569191880E+02
    0.9947307538E-01    0.7941948650E+00    0.7941948653E+00    0.1514618306E+01    0.2689664823E+02    0.2689664823E+02    0.3228284662E+02    0.3228284662E+02    0.4505510332E+02    0.4570815184E+02
    0.1047085004E+00    0.8348254929E+00    0.8348254932E+00    0.1591751351E+01    0.2689396907E+02    0.2689396907E+02    0.3228130629E+02    0.3228130629E+02    0.4504645003E+02    0.4572463289E+02
    0.1099439254E+00    0.8752477304E+00    0.8752477307E+00    0.1668471227E+01    0.2689117210E+02    0.2689117210E+02    0.3227969798E+02    0.3227969798E+02    0.4503790464E+02    0.4574133437E+02
    0.1151793504E+00    0.9154527150E+00    0.9154527154E+00    0.1744759283E+01    0.2688826014E+02    0.2688826014E+02    0.3227802329E+02    0.3227802329E+02    0.4502948200E+02    0.4575823111E+02
    0.1204147755E+00    0.9554314610E+00    0.9554314613E+00    0.1820596916E+01    0.2688523615E+02    0.2688523615E+02    0.3227628389E+02    0.3227628389E+02    0.4502119458E+02    0.4577529998E+02
    0.1256502005E+00    0.9951748952E+00    0.9951748955E+00    0.1895965593E+01    0.2688210319E+02    0.2688210319E+02    0.3227448151E+02    0.3227448151E+02    0.4501305277E+02    0.4579251959E+02
    0.1308856255E+00    0.1034673886E+01    0.1034673886E+01    0.1970846875E+01    0.2687886444E+02    0.2687886444E+02    0.3227261794E+02    0.3227261794E+02    0.4500506519E+02    0.4580987000E+02
    0.1361210505E+00    0.1073919264E+01    0.1073919264E+01    0.2045222440E+01    0.2687552317E+02    0.2687552317E+02    0.3227069503E+02    0.3227069503E+02    0.4499723890E+02    0.4582733255E+02
    0.1413564755E+00    0.1112901842E+01    0.1112901842E+01    0.2119074091E+01    0.2687208276E+02    0.2687208276E+02    0.3226871470E+02    0.3226871470E+02    0.4498957964E+02    0.4584488963E+02
    0.1465919006E+00    0.1151612428E+01    0.1151612428E+01    0.2192383774E+01    0.2686854669E+02    0.2686854669E+02    0.3226667891E+02    0.3226667891E+02    0.4498209194E+02    0.4586252458E+02
    0.1518273256E+00    0.1190041835E+01    0.1190041835E+01    0.2265133587E+01    0.2686491852E+02    0.2686491852E+02    0.3226458969E+02    0.3226458969E+02    0.4497477933E+02    0.4588022152E+02
    0.1570627506E+00    0.1228180896E+01    0.1228180897E+01    0.2337305789E+01    0.2686120192E+02    0.2686120192E+02    0.3226244912E+02    0.3226244912E+02    0.4496764442E+02    0.4589796528E+02
    0.1622981756E+00    0.1266020469E+01    0.1266020469E+01    0.2408882807E+01    0.2685740063E+02    0.2685740063E+02    0.3226025931E+02    0.3226025931E+02    0.4496068903E+02    0.4591574131E+02
    0.1675336006E+00    0.1303551442E+01    0.1303551443E+01    0.2479847245E+01    0.2685351848E+02    0.2685351848E+02    0.3225802244E+02    0.3225802244E+02    0.4495391424E+02    0.4593353560E+02
    0.1727690257E+00    0.1340764747E+01    0.1340764747E+01    0.2550181887E+01    0.2684955938E+02    0.2684955938E+02    0.3225574073E+02    0.3225574073E+02    0.4494732055E+02    0.4595133460E+02
    0.1780044507E+00    0.1377651356E+01    0.1377651356E+01    0.2619869705E+01    0.2684552730E+02    0.2684552730E+02    0.3225341645E+02    0.3225341645E+02    0.4494090788E+02    0.4596912522E+02
    0.1832398757E+00    0.1414202295E+01    0.1414202295E+01    0.2688893864E+01    0.2684142630E+02    0.2684142630E+02    0.3225105190E+02    0.3225105190E+02    0.4493467565E+02    0.4598689475E+02
    0.1884753007E+00    0.1450408642E+01    0.1450408642E+01    0.2757237721E+01    0.2683726048E+02    0.2683726048E+02    0.3224864943E+02    0.3224864943E+02    0.4492862287E+02    0.4600463086E+02
    0.1937107257E+00    0.1486261535E+01    0.1486261536E+01    0.2824884836E+01    0.2683303404E+02    0.2683303404E+02    0.3224621142E+02    0.3224621142E+02    0.4492274813E+02    0.4602232152E+02
    0.1989461508E+00    0.1521752176E+01    0.1521752177E+01    0.2891818969E+01    0.2682875119E+02    0.2682875119E+02    0.3224374028E+02    0.3224374028E+02    0.4491704971E+02    0.4603995502E+02
    0.2041815758E+00    0.1556871833E+01    0.1556871833E+01    0.2958024088E+01    0.2682441623E+02    0.2682441623E+02    0.3224123847E+02    0.3224123847E+02    0.4491152555E+02    0.4605751994E+02
    0.2094170008E+00    0.1591611842E+01    0.1591611843E+01    0.3023484369E+01    0.2682003349E+02    0.2682003349E+02    0.3223870846E+02    0.3223870846E+02    0.4490617335E+02    0.4607500513E+02
    0.2146524258E+00    0.1625963617E+01    0.1625963617E+01    0.3088184197E+01    0.2681560734E+02    0.2681560734E+02    0.3223615275E+02    0.3223615275E+02    0.4490099056E+02    0.4609239970E+02
    0.2198878508E+00    0.1659918644E+01    0.1659918644E+01    0.3152108173E+01    0.2681114220E+02    0.2681114220E+02    0.3223357388E+02    0.3223357388E+02    0.4489597442E+02    0.4610969300E+02
    0.2251232759E+00    0.1693468494E+01    0.1693468494E+01    0.3215241110E+01    0.2680664252E+02    0.2680664252E+02    0.3223097440E+02    0.3223097440E+02    0.4489112201E+02    0.4612687463E+02
    0.2303587009E+00    0.1726604816E+01    0.1726604816E+01    0.3277568040E+01    0.2680211278E+02    0.2680211278E+02    0.3222835688E+02    0.3222835688E+02    0.4488643025E+02    0.4614393441E+02
    0.2355941259E+00    0.1759319349E+01    0.1759319349E+01    0.3339074214E+01    0.2679755748E+02    0.2679755748E+02    0.3222572391E+02    0.3222572391E+02    0.4488189591E+02    0.4616086239E+02
    0.2408295509E+00    0.1791603919E+01    0.1791603919E+01    0.3399745102E+01    0.2679298115E+02    0.2679298115E+02    0.3222307809E+02    0.3222307809E+02    0.4487751568E+02    0.4617764884E+02
    0.2460649760E+00    0.1823450444E+01    0.1823450444E+01    0.3459566395E+01    0.2678838832E+02    0.2678838832E+02    0.3222042204E+02    0.3222042204E+02    0.4487328615E+02    0.4619428427E+02
    0.2513004010E+00    0.1854850936E+01    0.1854850936E+01    0.3518524008E+01    0.2678378356E+02    0.2678378356E+02    0.3221775838E+02    0.3221775838E+02    0.4486920384E+02    0.4621075935E+02
    0.2565358260E+00    0.1885797505E+01    0.1885797505E+01    0.3576604081E+01    0.2677917142E+02    0.2677917142E+02    0.3221508974E+02    0.3221508974E+02    0.4486526521E+02    0.4622706502E+02
    0.2617712510E+00    0.1916282360E+01    0.1916282360E+01    0.3633792979E+01    0.2677455646E+02    0.2677455646E+02    0.3221241875E+02    0.3221241875E+02    0.4486146669E+02    0.4624319240E+02
    0.2670066760E+00    0.1946297813E+01    0.1946297813E+01    0.3690077292E+01    0.2676994323E+02    0.2676994323E+02    0.3220974806E+02    0.3220974806E+02    0.4485780470E+02    0.4625913282E+02
    0.2722421011E+00    0.1975836281E+01    0.1975836281E+01    0.3745443840E+01    0.2676533630E+02    0.2676533630E+02    0.3220708030E+02    0.3220708030E+02    0.4485427564E+02    0.4627487783E+02
    0.2774775261E+00    0.2004890287E+01    0.2004890288E+01    0.3799879672E+01    0.2676074020E+02    0.2676074020E+02    0.3220441810E+02    0.3220441810E+02    0.4485087590E+02    0.4629041917E+02
    0.2827129511E+00    0.2033452467E+01    0.2033452468E+01    0.3853372065E+01    0.2675615946E+02    0.2675615946E+02    0.3220176408E+02    0.3220176408E+02    0.4484760190E+02    0.4630574879E+02
    0.2879483761E+00    0.2061515568E+01    0.2061515568E+01    0.3905908529E+01    0.2675159858E+02    0.2675159858E+02    0.3219912087E+02    0.3219912087E+02    0.4484445011E+02    0.4632085886E+02
    0.2931838011E+00    0.2089072451E+01    0.2089072451E+01    0.3957476806E+01    0.2674706204E+02    0.2674706204E+02    0.3219649106E+02    0.3219649106E+02    0.4484141700E+02    0.4633574173E+02
    0.2984192262E+00    0.2116116097E+01    0.2116116097E+01    0.4008064870E+01    0.2674255429E+02    0.2674255429E+02    0.3219387724E+02    0.3219387724E+02    0.4483849909E+02    0.4635038997E+02
    0.3036546512E+00    0.2142639604E+01    0.2142639604E+01    0.4057660933E+01    0.2673807975E+02    0.2673807975E+02    0.3219128200E+02    0.3219128200E+02    0.4483569299E+02    0.4636479635E+02
    0.3088900762E+00    0.2168636195E+01    0.2168636195E+01    0.4106253439E+01    0.2673364280E+02    0.2673364280E+02    0.3218870787E+02    0.3218870787E+02    0.4483299533E+02    0.4637895384E+02
    0.3141255012E+00    0.2194099216E+01    0.2194099216E+01    0.4153831073E+01    0.2672924777E+02    0.2672924777E+02    0.3218615741E+02    0.3218615741E+02    0.4483040284E+02    0.4639285562E+02
    0.3193609262E+00    0.2219022140E+01    0.2219022140E+01    0.4200382754E+01    0.2672489897E+02    0.2672489897E+02    0.3218363312E+02    0.3218363312E+02    0.4482791230E+02    0.4640649504E+02
    0.3245963513E+00    0.2243398570E+01    0.2243398570E+01    0.4245897644E+01    0.2672060063E+02    0.2672060063E+02    0.3218113747E+02    0.3218113747E+02    0.4482552059E+02    0.4641986570E+02
    0.3298317763E+00    0.2267222239E+01    0.2267222239E+01    0.4290365145E+01    0.2671635694E+02    0.2671635694E+02    0.3217867293E+02    0.3217867293E+02    0.4482322468E+02    0.4643296134E+02
    0.3350672013E+00    0.2290487014E+01    0.2290487014E+01    0.4333774903E+01    0.2671217203E+02    0.2671217203E+02    0.3217624191E+02    0.3217624191E+02    0.4482102160E+02    0.4644577595E+02
    0.3403026263E+00    0.2313186899E+01    0.2313186899E+01    0.4376116806E+01    0.2670804998E+02    0.2670804998E+02    0.3217384681E+02    0.3217384681E+02    0.4481890850E+02    0.4645830368E+02
    0.3455380513E+00    0.2335316035E+01    0.2335316035E+01    0.4417380989E+01    0.2670399478E+02    0.2670399478E+02    0.3217148998E+02    0.3217148998E+02    0.4481688263E+02    0.4647053889E+02
    0.3507734764E+00    0.2356868702E+01    0.2356868702E+01    0.4457557833E+01    0.2670001037E+02    0.2670001037E+02    0.3216917373E+02    0.3216917373E+02    0.4481494131E+02    0.4648247613E+02
    0.3560089014E+00    0.2377839323E+01    0.2377839323E+01    0.4496637971E+01    0.2669610061E+02    0.2669610061E+02    0.3216690033E+02    0.3216690033E+02    0.4481308200E+02    0.4649411014E+02
    0.3612443264E+00    0.2398222465E+01    0.2398222465E+01    0.4534612283E+01    0.2669226928E+02    0.2669226928E+02    0.3216467202E+02    0.3216467202E+02    0.4481130222E+02    0.4650543585E+02
    0.3664797514E+00    0.2418012840E+01    0.2418012840E+01    0.4571471904E+01    0.2668852010E+02    0.2668852010E+02    0.3216249099E+02    0.3216249099E+02    0.4480959962E+02    0.4651644839E+02
    0.3717151764E+00    0.2437205309E+01    0.2437205309E+01    0.4607208221E+01    0.2668485668E+02    0.2668485668E+02    0.3216035937E+02    0.3216035937E+02    0.4480797196E+02    0.4652714305E+02
    0.3769506015E+00    0.2455794882E+01    0.2455794883E+01    0.4641812881E+01    0.2668128256E+02    0.2668128256E+02    0.3215827925E+02    0.3215827925E+02    0.4480641708E+02    0.4653751532E+02
    0.3821860265E+00    0.2473776721E+01    0.2473776721E+01    0.4675277785E+01    0.2667780119E+02    0.2667780119E+02    0.3215625267E+02    0.3215625267E+02    0.4480493294E+02    0.4654756088E+02
    0.3874214515E+00    0.2491146140E+01    0.2491146140E+01    0.4707595097E+01    0.2667441592E+02    0.2667441592E+02    0.3215428163E+02    0.3215428163E+02    0.4480351758E+02    0.4655727557E+02
    0.3926568765E+00    0.2507898609E+01    0.2507898609E+01    0.4738757242E+01    0.2667113001E+02    0.2667113001E+02    0.3215236804E+02    0.3215236804E+02    0.4480216918E+02    0.4656665543E+02
    0.3978923015E+00    0.2524029754E+01    0.2524029754E+01    0.4768756907E+01    0.2666794662E+02    0.2666794662E+02    0.3215051379E+02    0.3215051379E+02    0.4480088598E+02    0.4657569664E+02
    0.4031277266E+00    0.2539535360E+01    0.2539535360E+01    0.4797587049E+01    0.2666486880E+02    0.2666486880E+02    0.3214872070E+02    0.3214872070E+02    0.4479966634E+02    0.4658439560E+02
    0.4083631516E+00    0.2554411371E+01    0.2554411371E+01    0.4825240890E+01    0.2666189952E+02    0.2666189952E+02    0.3214699051E+02    0.3214699051E+02    0.4479850872E+02    0.4659274885E+02
    0.4135985766E+00    0.2568653893E+01    0.2568653893E+01    0.4851711924E+01    0.2665904161E+02    0.2665904161E+02    0.3214532492E+02    0.3214532492E+02    0.4479741165E+02    0.4660075309E+02
    0.4188340016E+00    0.2582259194E+01    0.2582259194E+01    0.4876993915E+01    0.2665629782E+02    0.2665629782E+02    0.3214372556E+02    0.3214372556E+02    0.4479637377E+02    0.4660840522E+02
    0.4240694266E+00    0.2595223706E+01    0.2595223707E+01    0.4901080903E+01    0.2665367078E+02    0.2665367078E+02    0.3214219400E+02    0.3214219400E+02    0.4479539381E+02    0.4661570227E+02
    0.4293048517E+00    0.2607544028E+01    0.2607544028E+01    0.4923967203E+01    0.2665116299E+02    0.2665116299E+02    0.3214073173E+02    0.3214073173E+02    0.4479447058E+02    0.4662264145E+02
    0.4345402767E+00    0.2619216923E+01    0.2619216924E+01    0.4945647408E+01    0.2664877686E+02    0.2664877686E+02    0.3213934020E+02    0.3213934020E+02    0.4479360296E+02    0.4662922013E+02
    0.4397757017E+00    0.2630239325E+01    0.2630239325E+01    0.4966116392E+01    0.2664651467E+02    0.2664651467E+02    0.3213802074E+02    0.3213802074E+02    0.4479278995E+02    0.4663543582E+02
    0.4450111267E+00    0.2640608334E+01    0.2640608334E+01    0.4985369311E+01    0.2664437858E+02    0.2664437858E+02    0.3213677467E+02    0.3213677467E+02    0.4479203059E+02    0.4664128621E+02
    0.4502465517E+00    0.2650321223E+01    0.2650321223E+01    0.5003401602E+01    0.2664237062E+02    0.2664237062E+02    0.3213560319E+02    0.3213560319E+02    0.4479132400E+02    0.4664676912E+02
    0.4554819768E+00    0.2659375433E+01    0.2659375433E+01    0.5020208989E+01    0.2664049271E+02    0.2664049271E+02    0.3213450745E+02    0.3213450745E+02    0.4479066940E+02    0.4665188253E+02
    0.4607174018E+00    0.2667768581E+01    0.2667768581E+01    0.5035787485E+01    0.2663874664E+02    0.2663874664E+02    0.3213348853E+02    0.3213348853E+02    0.4479006604E+02    0.4665662457E+02
    0.4659528268E+00    0.2675498453E+01    0.2675498453E+01    0.5050133388E+01    0.2663713407E+02    0.2663713407E+02    0.3213254741E+02    0.3213254741E+02    0.4478951327E+02    0.4666099352E+02
    0.4711882518E+00    0.2682563012E+01    0.2682563012E+01    0.5063243288E+01    0.2663565654E+02    0.2663565654E+02    0.3213168502E+02    0.3213168502E+02    0.4478901048E+02    0.4666498779E+02
    0.4764236768E+00    0.2688960394E+01    0.2688960394E+01    0.5075114067E+01    0.2663431546E+02    0.2663431546E+02    0.3213090220E+02    0.3213090220E+02    0.4478855713E+02    0.4666860594E+02
    0.4816591019E+00    0.2694688911E+01    0.2694688911E+01    0.5085742899E+01    0.2663311210E+02    0.2663311210E+02    0.3213019972E+02    0.3213019972E+02    0.4478815275E+02    0.4667184669E+02
    0.4868945269E+00    0.2699747051E+01    0.2699747051E+01    0.5095127253E+01    0.2663204761E+02    0.2663204761E+02    0.3212957826E+02    0.3212957826E+02    0.4478779690E+02    0.4667470887E+02
    0.4921299519E+00    0.2704133478E+01    0.2704133478E+01    0.5103264891E+01    0.2663112299E+02    0.2663112299E+02    0.3212903842E+02    0.3212903842E+02    0.4478748924E+02    0.4667719147E+02
    0.4973653769E+00    0.2707847033E+01    0.2707847034E+01    0.5110153874E+01    0.2663033913E+02    0.2663033913E+02    0.3212858075E+02    0.3212858075E+02    0.4478722942E+02    0.4667929362E+02
    0.5026008019E+00    0.2710886736E+01    0.2710886736E+01    0.5115792557E+01    0.2662969678E+02    0.2662969678E+02    0.3212820567E+02    0.3212820567E+02    0.4478701721E+02    0.4668101456E+02
    0.5078362270E+00    0.2713251783E+01    0.2713251783E+01    0.5120179597E+01    0.2662919653E+02    0.2662919653E+02    0.3212791357E+02    0.3212791357E+02    0.4478685237E+02    0.4668235370E+02
    0.5130716520E+00    0.2714941549E+01    0.2714941549E+01    0.5123313945E+01    0.2662883887E+02    0.2662883887E+02    0.3212770472E+02    0.3212770472E+02    0.4478673474E+02    0.4668331056E+02
    0.5183070770E+00    0.2715955587E+01    0.2715955587E+01    0.5125194853E+01    0.2662862414E+02    0.2662862414E+02    0.3212757932E+02    0.3212757932E+02    0.4478666422E+02    0.4668388481E+02
