     1       0.00000000       1.00000000       0.00000000
     2       0.01000000       1.00000000       0.00000000
     3       0.02000000       1.00000000       0.00000000
     4       0.03000000       1.00000000       0.00000000
     5       0.04000000       1.00000000       0.00000000
     6       0.05000000       1.00000000       0.00000000
     7       0.06000000       1.00000000       0.00000000
     8       0.07000000       1.00000000       0.00000000
     9       0.08000000       1.00000000       0.00000000
    10       0.09000000       1.00000000       0.00000000
    11       0.10000000       1.00000000       0.00000000
    12       0.11000000       1.00000000       0.00000000
    13       0.12000000       1.00000000       0.00000000
    14       0.13000000       1.00000000       0.00000000
    15       0.14000000       1.00000000       0.00000000
    16       0.15000000       1.00000000       0.00000000
    17       0.16000000       1.00000000       0.00000000
    18       0.17000000       1.00000000       0.00000000
    19       0.18000000       1.00000000       0.00000000
    20       0.19000000       1.00000000       0.00000000
    21       0.20000000       1.00000000       0.00000000
    22       0.21000000       1.00000000       0.00000000
    23       0.22000000       1.00000000       0.00000000
    24       0.23000000       1.00000000       0.00000000
    25       0.24000000       1.00000000       0.00000000
    26       0.25000000       1.00000000       0.00000000
    27       0.26000000       1.00000000       0.00000000
    28       0.27000000       1.00000000       0.00000000
    29       0.28000000       1.00000000       0.00000000
    30       0.29000000       1.00000000       0.00000000
    31       0.30000000       1.00000000       0.00000000
    32       0.31000000       1.00000000       0.00000000
    33       0.32000000       1.00000000       0.00000000
    34       0.33000000       1.00000000       0.00000000
    35       0.34000000       1.00000000       0.00000000
    36       0.35000000       1.00000000       0.00000000
    37       0.36000000       1.00000000       0.00000000
    38       0.37000000       1.00000000       0.00000000
    39       0.38000000       1.00000000       0.00000000
    40       0.39000000       1.00000000       0.00000000
    41       0.40000000       1.00000000       0.00000000
    42       0.41000000       1.00000000       0.00000000
    43       0.42000000       1.00000000       0.00000000
    44       0.43000000       1.00000000       0.00000000
    45       0.44000000       1.00000000       0.00000000
    46       0.45000000       1.00000000       0.00000000
    47       0.46000000       1.00000000       0.00000000
    48       0.47000000       1.00000000       0.00000000
    49       0.48000000       1.00000000       0.00000000
    50       0.49000000       1.00000000       0.00000000
    51       0.50000000       1.00000000       0.00000000
    52       0.51000000       1.00000000       0.00000000
    53       0.52000000       1.00000000       0.00000000
    54       0.53000000       1.00000000       0.00000000
    55       0.54000000       1.00000000       0.00000000
    56       0.55000000       1.00000000       0.00000000
    57       0.56000000       1.00000000       0.00000000
    58       0.57000000       1.00000000       0.00000000
    59       0.58000000       1.00000000       0.00000000
    60       0.59000000       1.00000000       0.00000000
    61       0.60000000       1.00000000       0.00000000
    62       0.61000000       1.00000000       0.00000000
    63       0.62000000       1.00000000       0.00000000
    64       0.63000000       1.00000000       0.00000000
    65       0.64000000       1.00000000       0.00000000
    66       0.65000000       1.00000000       0.00000000
    67       0.66000000       1.00000000       0.00000000
    68       0.67000000       1.00000000       0.00000000
    69       0.68000000       1.00000000       0.00000000
    70       0.69000000       1.00000000       0.00000000
    71       0.70000000       1.00000000       0.00000000
    72       0.71000000       1.00000000       0.00000000
    73       0.72000000       1.00000000       0.00000000
    74       0.73000000       1.00000000       0.00000000
    75       0.74000000       1.00000000       0.00000000
    76       0.75000000       1.00000000       0.00000000
    77       0.76000000       1.00000000       0.00000000
    78       0.77000000       1.00000000       0.00000000
    79       0.78000000       1.00000000       0.00000000
    80       0.79000000       1.00000000       0.00000000
    81       0.80000000       1.00000000       0.00000000
    82       0.81000000       1.00000000       0.00000000
    83       0.82000000       1.00000000       0.00000000
    84       0.83000000       1.00000000       0.00000000
    85       0.84000000       1.00000000       0.00000000
    86       0.85000000       1.00000000       0.00000000
    87       0.86000000       1.00000000       0.00000000
    88       0.87000000       1.00000000       0.00000000
    89       0.88000000       1.00000000       0.00000000
    90       0.89000000       1.00000000       0.00000000
    91       0.90000000       1.00000000       0.00000000
    92       0.91000000       1.00000000       0.00000000
    93       0.92000000       1.00000000       0.00000000
    94       0.93000000       1.00000000       0.00000000
    95       0.94000000       1.00000000       0.00000000
    96       0.95000000       1.00000000       0.00000000
    97       0.96000000       1.00000000       0.00000000
    98       0.97000000       1.00000000       0.00000000
    99       0.98000000       1.00000000       0.00000000
   100       0.99000000       1.00000000       0.00000000
   101       1.00000000       1.00000000       0.00000000
   102       1.01000000       1.00000000       0.00000000
   103       1.02000000       1.00000000       0.00000000
   104       1.03000000       1.00000000       0.00000000
   105       1.04000000       1.00000000       0.00000000
   106       1.05000000       1.00000000       0.00000000
   107       1.06000000       1.00000000       0.00000000
   108       1.07000000       1.00000000       0.00000000
   109       1.08000000       1.00000000       0.00000000
   110       1.09000000       1.00000000       0.00000000
   111       1.10000000       1.00000000       0.00000000
   112       1.11000000       1.00000000       0.00000000
   113       1.12000000       1.00000000       0.00000000
   114       1.13000000       1.00000000       0.00000000
   115       1.14000000       1.00000000       0.00000000
   116       1.15000000       1.00000000       0.00000000
   117       1.16000000       1.00000000       0.00000000
   118       1.17000000       1.00000000       0.00000000
   119       1.18000000       1.00000000       0.00000000
   120       1.19000000       1.00000000       0.00000000
   121       1.20000000       1.00000000       0.00000000
   122       1.21000000       1.00000000       0.00000000
   123       1.22000000       1.00000000       0.00000000
   124       1.23000000       1.00000000       0.00000000
   125       1.24000000       1.00000000       0.00000000
   126       1.25000000       1.00000000       0.00000000
   127       1.26000000       1.00000000       0.00000000
   128       1.27000000       1.00000000       0.00000000
   129       1.28000000       1.00000000       0.00000000
   130       1.29000000       1.00000000       0.00000000
   131       1.30000000       1.00000000       0.00000000
   132       1.31000000       1.00000000       0.00000000
   133       1.32000000       1.00000000       0.00000000
   134       1.33000000       1.00000000       0.00000000
   135       1.34000000       1.00000000       0.00000000
   136       1.35000000       1.00000000       0.00000000
   137       1.36000000       1.00000000       0.00000000
   138       1.37000000       1.00000000       0.00000000
   139       1.38000000       1.00000000       0.00000000
   140       1.39000000       1.00000000       0.00000000
   141       1.40000000       1.00000000       0.00000000
   142       1.41000000       1.00000000       0.00000000
   143       1.42000000       1.00000000       0.00000000
   144       1.43000000       1.00000000       0.00000000
   145       1.44000000       1.00000000       0.00000000
   146       1.45000000       1.00000000       0.00000000
   147       1.46000000       1.00000000       0.00000000
   148       1.47000000       1.00000000       0.00000000
   149       1.48000000       1.00000000       0.00000000
   150       1.49000000       1.00000000       0.00000000
   151       1.50000000       1.00000000       0.00000000
   152       1.51000000       1.00000000       0.00000000
   153       1.52000000       1.00000000       0.00000000
   154       1.53000000       1.00000000       0.00000000
   155       1.54000000       1.00000000       0.00000000
   156       1.55000000       1.00000000       0.00000000
   157       1.56000000       1.00000000       0.00000000
   158       1.57000000       1.00000000       0.00000000
   159       1.58000000       1.00000000       0.00000000
   160       1.59000000       1.00000000       0.00000000
   161       1.60000000       1.00000000       0.00000000
   162       1.61000000       1.00000000       0.00000000
   163       1.62000000       1.00000000       0.00000000
   164       1.63000000       1.00000000       0.00000000
   165       1.64000000       1.00000000       0.00000000
   166       1.65000000       1.00000000       0.00000000
   167       1.66000000       1.00000000       0.00000000
   168       1.67000000       1.00000000       0.00000000
   169       1.68000000       1.00000000       0.00000000
   170       1.69000000       1.00000000       0.00000000
   171       1.70000000       1.00000000       0.00000000
   172       1.71000000       1.00000000       0.00000000
   173       1.72000000       1.00000000       0.00000000
   174       1.73000000       1.00000000       0.00000000
   175       1.74000000       1.00000000       0.00000000
   176       1.75000000       1.00000000       0.00000000
   177       1.76000000       1.00000000       0.00000000
   178       1.77000000       1.00000000       0.00000000
   179       1.78000000       1.00000000       0.00000000
   180       1.79000000       1.00000000       0.00000000
   181       1.80000000       1.00000000       0.00000000
   182       1.81000000       1.00000000       0.00000000
   183       1.82000000       1.00000000       0.00000000
   184       1.83000000       1.00000000       0.00000000
   185       1.84000000       1.00000000       0.00000000
   186       1.85000000       1.00000000       0.00000000
   187       1.86000000       1.00000000       0.00000000
   188       1.87000000       1.00000000       0.00000000
   189       1.88000000       1.00000000       0.00000000
   190       1.89000000       1.00000000       0.00000000
   191       1.90000000       1.00000000       0.00000000
   192       1.91000000       1.00000000       0.00000000
   193       1.92000000       1.00000000       0.00000000
   194       1.93000000       1.00000000       0.00000000
   195       1.94000000       1.00000000       0.00000000
   196       1.95000000       1.00000000       0.00000000
   197       1.96000000       1.00000000       0.00000000
   198       1.97000000       1.00000000       0.00000000
   199       1.98000000       1.00000000       0.00000000
   200       1.99000000       1.00000000       0.00000000
   201       2.00000000       1.00000000       0.00000000
   202       2.01000000       1.00000000       0.00000000
   203       2.02000000       1.00000000       0.00000000
   204       2.03000000       1.00000000       0.00000000
   205       2.04000000       1.00000000       0.00000000
   206       2.05000000       1.00000000       0.00000000
   207       2.06000000       1.00000000       0.00000000
   208       2.07000000       1.00000000       0.00000000
   209       2.08000000       1.00000000       0.00000000
   210       2.09000000       1.00000000       0.00000000
   211       2.10000000       1.00000000       0.00000000
   212       2.11000000       1.00000000       0.00000000
   213       2.12000000       1.00000000       0.00000000
   214       2.13000000       1.00000000       0.00000000
   215       2.14000000       1.00000000       0.00000000
   216       2.15000000       1.00000000       0.00000000
   217       2.16000000       1.00000000       0.00000000
   218       2.17000000       1.00000000       0.00000000
   219       2.18000000       1.00000000       0.00000000
   220       2.19000000       1.00000000       0.00000000
   221       2.20000000       1.00000000       0.00000000
   222       2.21000000       1.00000000       0.00000000
   223       2.22000000       1.00000000       0.00000000
   224       2.23000000       1.00000000       0.00000000
   225       2.24000000       1.00000000       0.00000000
   226       2.25000000       1.00000000       0.00000000
   227       2.26000000       1.00000000       0.00000000
   228       2.27000000       1.00000000       0.00000000
   229       2.28000000       1.00000000       0.00000000
   230       2.29000000       1.00000000       0.00000000
   231       2.30000000       1.00000000       0.00000000
   232       2.31000000       1.00000000       0.00000000
   233       2.32000000       1.00000000       0.00000000
   234       2.33000000       1.00000000       0.00000000
   235       2.34000000       1.00000000       0.00000000
   236       2.35000000       1.00000000       0.00000000
   237       2.36000000       1.00000000       0.00000000
   238       2.37000000       1.00000000       0.00000000
   239       2.38000000       1.00000000       0.00000000
   240       2.39000000       1.00000000       0.00000000
   241       2.40000000       1.00000000       0.00000000
   242       2.41000000       1.00000000       0.00000000
   243       2.42000000       1.00000000       0.00000000
   244       2.43000000       1.00000000       0.00000000
   245       2.44000000       1.00000000       0.00000000
   246       2.45000000       1.00000000       0.00000000
   247       2.46000000       1.00000000       0.00000000
   248       2.47000000       1.00000000       0.00000000
   249       2.48000000       1.00000000       0.00000000
   250       2.49000000       1.00000000       0.00000000
   251       2.50000000       1.00000000       0.00000000
   252       2.51000000       1.00000000       0.00000000
   253       2.52000000       1.00000000       0.00000000
   254       2.53000000       1.00000000       0.00000000
   255       2.54000000       1.00000000       0.00000000
   256       2.55000000       1.00000000       0.00000000
   257       2.56000000       1.00000000       0.00000000
   258       2.57000000       1.00000000       0.00000000
   259       2.58000000       1.00000000       0.00000000
   260       2.59000000       1.00000000       0.00000000
   261       2.60000000       1.00000000       0.00000000
   262       2.61000000       1.00000000       0.00000000
   263       2.62000000       1.00000000       0.00000000
   264       2.63000000       1.00000000       0.00000000
   265       2.64000000       1.00000000       0.00000000
   266       2.65000000       1.00000000       0.00000000
   267       2.66000000       1.00000000       0.00000000
   268       2.67000000       1.00000000       0.00000000
   269       2.68000000       1.00000000       0.00000000
   270       2.69000000       1.00000000       0.00000000
   271       2.70000000       1.00000000       0.00000000
   272       2.71000000       1.00000000       0.00000000
   273       2.72000000       1.00000000       0.00000000
   274       2.73000000       1.00000000       0.00000000
   275       2.74000000       1.00000000       0.00000000
   276       2.75000000       1.00000000       0.00000000
   277       2.76000000       1.00000000       0.00000000
   278       2.77000000       1.00000000       0.00000000
   279       2.78000000       1.00000000       0.00000000
   280       2.79000000       1.00000000       0.00000000
   281       2.80000000       1.00000000       0.00000000
   282       2.81000000       1.00000000       0.00000000
   283       2.82000000       1.00000000       0.00000000
   284       2.83000000       1.00000000       0.00000000
   285       2.84000000       1.00000000       0.00000000
   286       2.85000000       1.00000000       0.00000000
   287       2.86000000       1.00000000       0.00000000
   288       2.87000000       1.00000000       0.00000000
   289       2.88000000       1.00000000       0.00000000
   290       2.89000000       1.00000000       0.00000000
   291       2.90000000       1.00000000       0.00000000
   292       2.91000000       1.00000000       0.00000000
   293       2.92000000       1.00000000       0.00000000
   294       2.93000000       1.00000000       0.00000000
   295       2.94000000       1.00000000       0.00000000
   296       2.95000000       1.00000000       0.00000000
   297       2.96000000       1.00000000       0.00000000
   298       2.97000000       1.00000000       0.00000000
   299       2.98000000       1.00000000       0.00000000
   300       2.99000000       1.00000000       0.00000000
   301       3.00000000       1.00000000       0.00000000
   302       3.01000000       1.00000000       0.00000000
   303       3.02000000       1.00000000       0.00000000
   304       3.03000000       1.00000000       0.00000000
   305       3.04000000       1.00000000       0.00000000
   306       3.05000000       1.00000000       0.00000000
   307       3.06000000       1.00000000       0.00000000
   308       3.07000000       1.00000000       0.00000000
   309       3.08000000       1.00000000       0.00000000
   310       3.09000000       1.00000000       0.00000000
   311       3.10000000       1.00000000       0.00000000
   312       3.11000000       1.00000000       0.00000000
   313       3.12000000       1.00000000       0.00000000
   314       3.13000000       1.00000000       0.00000000
   315       3.14000000       1.00000000       0.00000000
   316       3.15000000       1.00000000       0.00000000
   317       3.16000000       1.00000000       0.00000000
   318       3.17000000       1.00000000       0.00000000
   319       3.18000000       1.00000000       0.00000000
   320       3.19000000       1.00000000       0.00000000
   321       3.20000000       1.00000000       0.00000000
   322       3.21000000       1.00000000       0.00000000
   323       3.22000000       1.00000000       0.00000000
   324       3.23000000       1.00000000       0.00000000
   325       3.24000000       1.00000000       0.00000000
   326       3.25000000       1.00000000       0.00000000
   327       3.26000000       1.00000000       0.00000000
   328       3.27000000       1.00000000       0.00000000
   329       3.28000000       1.00000000       0.00000000
   330       3.29000000       1.00000000       0.00000000
   331       3.30000000       1.00000000       0.00000000
   332       3.31000000       1.00000000       0.00000000
   333       3.32000000       1.00000000       0.00000000
   334       3.33000000       1.00000000       0.00000000
   335       3.34000000       1.00000000       0.00000000
   336       3.35000000       1.00000000       0.00000000
   337       3.36000000       1.00000000       0.00000000
   338       3.37000000       1.00000000       0.00000000
   339       3.38000000       1.00000000       0.00000000
   340       3.39000000       1.00000000       0.00000000
   341       3.40000000       1.00000000       0.00000000
   342       3.41000000       1.00000000       0.00000000
   343       3.42000000       1.00000000       0.00000000
   344       3.43000000       1.00000000       0.00000000
   345       3.44000000       1.00000000       0.00000000
   346       3.45000000       1.00000000       0.00000000
   347       3.46000000       1.00000000       0.00000000
   348       3.47000000       1.00000000       0.00000000
   349       3.48000000       1.00000000       0.00000000
   350       3.49000000       1.00000000       0.00000000
   351       3.50000000       1.00000000       0.00000000
   352       3.51000000       1.00000000       0.00000000
   353       3.52000000       1.00000000       0.00000000
   354       3.53000000       1.00000000       0.00000000
   355       3.54000000       1.00000000       0.00000000
   356       3.55000000       1.00000000       0.00000000
   357       3.56000000       1.00000000       0.00000000
   358       3.57000000       1.00000000       0.00000000
   359       3.58000000       1.00000000       0.00000000
   360       3.59000000       1.00000000       0.00000000
   361       3.60000000       1.00000000       0.00000000
   362       3.61000000       1.00000000       0.00000000
   363       3.62000000       1.00000000       0.00000000
   364       3.63000000       1.00000000       0.00000000
   365       3.64000000       1.00000000       0.00000000
   366       3.65000000       1.00000000       0.00000000
   367       3.66000000       1.00000000       0.00000000
   368       3.67000000       1.00000000       0.00000000
   369       3.68000000       1.00000000       0.00000000
   370       3.69000000       1.00000000       0.00000000
   371       3.70000000       1.00000000       0.00000000
   372       3.71000000       1.00000000       0.00000000
   373       3.72000000       1.00000000       0.00000000
   374       3.73000000       1.00000000       0.00000000
   375       3.74000000       1.00000000       0.00000000
   376       3.75000000       1.00000000       0.00000000
   377       3.76000000       1.00000000       0.00000000
   378       3.77000000       1.00000000       0.00000000
   379       3.78000000       1.00000000       0.00000000
   380       3.79000000       1.00000000       0.00000000
   381       3.80000000       1.00000000       0.00000000
   382       3.81000000       1.00000000       0.00000000
   383       3.82000000       1.00000000       0.00000000
   384       3.83000000       1.00000000       0.00000000
   385       3.84000000       1.00000000       0.00000000
   386       3.85000000       1.00000000       0.00000000
   387       3.86000000       1.00000000       0.00000000
   388       3.87000000       1.00000000       0.00000000
   389       3.88000000       1.00000000       0.00000000
   390       3.89000000       1.00000000       0.00000000
   391       3.90000000       1.00000000       0.00000000
   392       3.91000000       1.00000000       0.00000000
   393       3.92000000       1.00000000       0.00000000
   394       3.93000000       1.00000000       0.00000000
   395       3.94000000       1.00000000       0.00000000
   396       3.95000000       1.00000000       0.00000000
   397       3.96000000       1.00000000       0.00000000
   398       3.97000000       1.00000000       0.00000000
   399       3.98000000       1.00000000       0.00000000
   400       3.99000000       1.00000000       0.00000000
