    0.0000000000E+00    0.3538327400E-01    0.6128397412E-01    0.1185142336E+00    0.3214660797E+01    0.4557878782E+01    0.6053881579E+01    0.7729608248E+01    0.7752470370E+01    0.1118897110E+02    0.1156129519E+02    0.1276236821E+02    0.1320433401E+02    0.1394697255E+02    0.1395574847E+02    0.1480912547E+02    0.1523630401E+02    0.1727347466E+02    0.1728491711E+02    0.1761185043E+02    0.1815561830E+02    0.2347685561E+02    0.2366087873E+02    0.2548925171E+02    0.2576441571E+02    0.2587180384E+02    0.2604731610E+02    0.2702052120E+02    0.2716221955E+02    0.2967456365E+02    0.2973874028E+02    0.2974421846E+02    0.3019103502E+02    0.3056803397E+02    0.3057101233E+02    0.3102547108E+02    0.3107537039E+02
    0.5472204587E-02    0.9195375160E-01    0.1000880342E+00    0.1985208741E+00    0.3216039533E+01    0.4558436541E+01    0.6053597272E+01    0.7729326014E+01    0.7752139062E+01    0.1118912118E+02    0.1156098518E+02    0.1276254540E+02    0.1320483720E+02    0.1394663900E+02    0.1395500779E+02    0.1480836155E+02    0.1523549925E+02    0.1727406019E+02    0.1728509302E+02    0.1761259606E+02    0.1815645214E+02    0.2347630241E+02    0.2366011169E+02    0.2548866986E+02    0.2576520107E+02    0.2587245809E+02    0.2604645663E+02    0.2702103500E+02    0.2716237053E+02    0.2967444354E+02    0.2973904418E+02    0.2974443007E+02    0.3019084901E+02    0.3056773251E+02    0.3057082309E+02    0.3102560804E+02    0.3107547464E+02
    0.1094440917E-01    0.1275200691E+00    0.1865551750E+00    0.3511125375E+00    0.3220172177E+01    0.4560103080E+01    0.6052744092E+01    0.7728484275E+01    0.7751146467E+01    0.1118957188E+02    0.1156005552E+02    0.1276307335E+02    0.1320634492E+02    0.1394563957E+02    0.1395279189E+02    0.1480607034E+02    0.1523308644E+02    0.1727581505E+02    0.1728562125E+02    0.1761483015E+02    0.1815895235E+02    0.2347464429E+02    0.2365781403E+02    0.2548692449E+02    0.2576755352E+02    0.2587441899E+02    0.2604388396E+02    0.2702257087E+02    0.2716282337E+02    0.2967408325E+02    0.2973995558E+02    0.2974506431E+02    0.3019029110E+02    0.3056682824E+02    0.3057025579E+02    0.3102601865E+02    0.3107578719E+02
    0.1641661376E-01    0.1678615841E+00    0.2762030000E+00    0.5136906354E+00    0.3227048076E+01    0.4562858194E+01    0.6051321267E+01    0.7727097922E+01    0.7749496588E+01    0.1119032461E+02    0.1155850729E+02    0.1276394115E+02    0.1320885152E+02    0.1394397791E+02    0.1394911924E+02    0.1480225348E+02    0.1522906990E+02    0.1727873365E+02    0.1728650367E+02    0.1761854445E+02    0.1816311508E+02    0.2347188562E+02    0.2365399604E+02    0.2548401612E+02    0.2577146224E+02    0.2587768097E+02    0.2603961511E+02    0.2702511241E+02    0.2716357781E+02    0.2967348296E+02    0.2974147360E+02    0.2974611946E+02    0.3018936159E+02    0.3056532151E+02    0.3056931171E+02    0.3102670213E+02    0.3107630741E+02
    0.2188881835E-01    0.2114682965E+00    0.3665526577E+00    0.6787115771E+00    0.3236649628E+01    0.4566668279E+01    0.6049327517E+01    0.7725191770E+01    0.7747196132E+01    0.1119138169E+02    0.1155634233E+02    0.1276513047E+02    0.1321234751E+02    0.1394166007E+02    0.1394402072E+02    0.1479691370E+02    0.1522345676E+02    0.1728280332E+02    0.1728774687E+02    0.1762372527E+02    0.1816893389E+02    0.2346803363E+02    0.2364867464E+02    0.2547994564E+02    0.2577690946E+02    0.2588223486E+02    0.2603367768E+02    0.2702863310E+02    0.2716463345E+02    0.2967264295E+02    0.2974359675E+02    0.2974759261E+02    0.3018806098E+02    0.3056321289E+02    0.3056799298E+02    0.3102765719E+02    0.3107703424E+02
    0.2736102294E-01    0.2567943572E+00    0.4571845709E+00    0.8445850277E+00    0.3248952500E+01    0.4571486433E+01    0.6046761066E+01    0.7722800552E+01    0.7744254575E+01    0.1119274635E+02    0.1155356317E+02    0.1276661530E+02    0.1321681938E+02    0.1393753790E+02    0.1393869648E+02    0.1479005482E+02    0.1521625684E+02    0.1728794309E+02    0.1728942347E+02    0.1763035377E+02    0.1817639984E+02    0.2346309827E+02    0.2364187299E+02    0.2547471428E+02    0.2578387082E+02    0.2588806796E+02    0.2602610876E+02    0.2703309731E+02    0.2716598968E+02    0.2967156362E+02    0.2974632296E+02    0.2974947968E+02    0.3018638998E+02    0.3056050318E+02    0.3056630263E+02    0.3102888202E+02    0.3107796622E+02
    0.3283322752E-01    0.3030894118E+00    0.5479544759E+00    0.1010749393E+01    0.3263925926E+01    0.4577252605E+01    0.6043619653E+01    0.7719968906E+01    0.7740684242E+01    0.1119442269E+02    0.1155017311E+02    0.1276836165E+02    0.1322224941E+02    0.1392972948E+02    0.1393509570E+02    0.1478168174E+02    0.1520748247E+02    0.1729118338E+02    0.1729449261E+02    0.1763840619E+02    0.1818550153E+02    0.2345709205E+02    0.2363362001E+02    0.2546832362E+02    0.2579231589E+02    0.2589516423E+02    0.2601695361E+02    0.2703846168E+02    0.2716764579E+02    0.2967024547E+02    0.2974964948E+02    0.2975177543E+02    0.3018434947E+02    0.3055719339E+02    0.3056424461E+02    0.3103037431E+02    0.3107910147E+02
    0.3830543211E-01    0.3499713183E+00    0.6387988035E+00    0.1176936599E+01    0.3281533080E+01    0.4583893795E+01    0.6039900556E+01    0.7716751338E+01    0.7736500423E+01    0.1119641564E+02    0.1154617616E+02    0.1277032711E+02    0.1322861538E+02    0.1392066120E+02    0.1393087496E+02    0.1477180040E+02    0.1519714834E+02    0.1729351424E+02    0.1730195197E+02    0.1764785418E+02    0.1819622516E+02    0.2345002990E+02    0.2362394975E+02    0.2546077555E+02    0.2580220872E+02    0.2590350452E+02    0.2600626410E+02    0.2704467667E+02    0.2716960086E+02    0.2966868910E+02    0.2975357236E+02    0.2975447404E+02    0.3018194054E+02    0.3055328480E+02    0.3056182381E+02    0.3103213124E+02    0.3108043773E+02
    0.4377763670E-01    0.3972295855E+00    0.7296847031E+00    0.1342987591E+01    0.3301731503E+01    0.4591324306E+01    0.6035600615E+01    0.7713212164E+01    0.7731721520E+01    0.1119873091E+02    0.1154157707E+02    0.1277246033E+02    0.1323589015E+02    0.1391041421E+02    0.1392605221E+02    0.1476041778E+02    0.1518527121E+02    0.1729618209E+02    0.1731054119E+02    0.1765866518E+02    0.1820855461E+02    0.2344192891E+02    0.2361290081E+02    0.2545207234E+02    0.2581350854E+02    0.2591306671E+02    0.2599409707E+02    0.2705168816E+02    0.2717185386E+02    0.2966689519E+02    0.2975755991E+02    0.2975809551E+02    0.3017916445E+02    0.3054877887E+02    0.3055904613E+02    0.3103414951E+02    0.3108197233E+02
    0.4924984129E-01    0.4447397451E+00    0.8205930841E+00    0.1508790637E+01    0.3324473587E+01    0.4599446070E+01    0.6030716252E+01    0.7709425410E+01    0.7726369224E+01    0.1120137499E+02    0.1153638134E+02    0.1277470046E+02    0.1324404119E+02    0.1389908209E+02    0.1392064988E+02    0.1474754192E+02    0.1517186975E+02    0.1729920954E+02    0.1732022243E+02    0.1767080288E+02    0.1822247152E+02    0.2343280808E+02    0.2360051556E+02    0.2544221653E+02    0.2582617049E+02    0.2592382606E+02    0.2598051282E+02    0.2705943903E+02    0.2717440363E+02    0.2966486452E+02    0.2976103880E+02    0.2976319960E+02    0.3017602264E+02    0.3054367734E+02    0.3055591856E+02    0.3103642534E+02    0.3108370223E+02
    0.5472204587E-01    0.4924236462E+00    0.9115117541E+00    0.1674256442E+01    0.3349707084E+01    0.4608149036E+01    0.6025243510E+01    0.7705474661E+01    0.7720468744E+01    0.1120435504E+02    0.1153059522E+02    0.1277697649E+02    0.1325302989E+02    0.1388677135E+02    0.1391469507E+02    0.1473318180E+02    0.1515696423E+02    0.1730260331E+02    0.1733097260E+02    0.1768422761E+02    0.1823795543E+02    0.2342268811E+02    0.2358683944E+02    0.2543121101E+02    0.2584014628E+02    0.2593575538E+02    0.2596557362E+02    0.2706787063E+02    0.2717724887E+02    0.2966259795E+02    0.2976488956E+02    0.2976889019E+02    0.3017251671E+02    0.3053798212E+02    0.3055244922E+02    0.3103895449E+02    0.3108562401E+02
    0.6019425046E-01    0.5402296756E+00    0.1002432273E+01    0.1839306619E+01    0.3377375658E+01    0.4617311652E+01    0.6019178082E+01    0.7701452837E+01    0.7714049075E+01    0.1120767886E+02    0.1152422569E+02    0.1277920654E+02    0.1326281080E+02    0.1387360179E+02    0.1390822032E+02    0.1471734744E+02    0.1514057630E+02    0.1730636858E+02    0.1734276940E+02    0.1769889687E+02    0.1825498383E+02    0.2341159111E+02    0.2357192025E+02    0.2541905895E+02    0.2585538499E+02    0.2594881139E+02    0.2594935642E+02    0.2707692406E+02    0.2718038817E+02    0.2966009638E+02    0.2976910199E+02    0.2977515984E+02    0.3016864841E+02    0.3053169541E+02    0.3054864746E+02    0.3104173225E+02    0.3108773390E+02
    0.6566645505E-01    0.5881222443E+00    0.1093348367E+01    0.2003867677E+01    0.3407419429E+01    0.4626801452E+01    0.6012515348E+01    0.7697461869E+01    0.7707143336E+01    0.1121135482E+02    0.1151728051E+02    0.1278129721E+02    0.1327333053E+02    0.1385970665E+02    0.1390126466E+02    0.1470004978E+02    0.1512272872E+02    0.1731051054E+02    0.1735559002E+02    0.1771476577E+02    0.1827353234E+02    0.2339954034E+02    0.2355580746E+02    0.2540576385E+02    0.2587183371E+02    0.2593188052E+02    0.2596300621E+02    0.2708654129E+02    0.2718382000E+02    0.2965736079E+02    0.2977366245E+02    0.2978200240E+02    0.3016441964E+02    0.3052481961E+02    0.3054452396E+02    0.3104475351E+02    0.3109002779E+02
    0.7113865964E-01    0.6360758768E+00    0.1184255072E+01    0.2167867525E+01    0.3439775538E+01    0.4636475748E+01    0.6005250419E+01    0.7693612229E+01    0.7699789217E+01    0.1121539184E+02    0.1150976819E+02    0.1278314292E+02    0.1328452646E+02    0.1384523282E+02    0.1389387489E+02    0.1468130068E+02    0.1510344515E+02    0.1731503476E+02    0.1736941103E+02    0.1773178752E+02    0.1829357480E+02    0.2338655994E+02    0.2353855155E+02    0.2539132946E+02    0.2588943798E+02    0.2591325125E+02    0.2597826336E+02    0.2709666600E+02    0.2718754277E+02    0.2965439221E+02    0.2977855546E+02    0.2978941133E+02    0.3015983244E+02    0.3051735736E+02    0.3054009086E+02    0.3104801268E+02    0.3109250123E+02
    0.7661086422E-01    0.6840717244E+00    0.1275148228E+01    0.2331233188E+01    0.3474378689E+01    0.4646182469E+01    0.5997378174E+01    0.7690021574E+01    0.7692030241E+01    0.1121979927E+02    0.1150169803E+02    0.1278462543E+02    0.1329632507E+02    0.1383034084E+02    0.1388610722E+02    0.1466111292E+02    0.1508274988E+02    0.1731994733E+02    0.1738420854E+02    0.1774991388E+02    0.1831508343E+02    0.2337267468E+02    0.2352020343E+02    0.2537575983E+02    0.2589350974E+02    0.2590814587E+02    0.2599456399E+02    0.2710724432E+02    0.2719155477E+02    0.2965119168E+02    0.2978376366E+02    0.2979737960E+02    0.3015488899E+02    0.3050931153E+02    0.3053536191E+02    0.3105150382E+02    0.3109514949E+02
    0.8208306881E-01    0.7320954231E+00    0.1366024184E+01    0.2493889109E+01    0.3511161687E+01    0.4655761151E+01    0.5988893314E+01    0.7683908754E+01    0.7686821618E+01    0.1122458687E+02    0.1149308010E+02    0.1278561364E+02    0.1330863982E+02    0.1381520472E+02    0.1387802935E+02    0.1463950011E+02    0.1506066769E+02    0.1732525493E+02    0.1739995836E+02    0.1776909560E+02    0.1833802891E+02    0.2335790975E+02    0.2350081390E+02    0.2535905927E+02    0.2587271829E+02    0.2592789673E+02    0.2601187326E+02    0.2711822526E+02    0.2719585426E+02    0.2964776029E+02    0.2978926768E+02    0.2980589965E+02    0.3014959156E+02    0.3050068523E+02    0.3053035261E+02    0.3105522057E+02    0.3109796748E+02
    0.8755527340E-01    0.7801357279E+00    0.1456879593E+01    0.2655755742E+01    0.3550055940E+01    0.4665044095E+01    0.5979790402E+01    0.7675487926E+01    0.7684135909E+01    0.1122976476E+02    0.1148392526E+02    0.1278596368E+02    0.1332136853E+02    0.1380001139E+02    0.1386972308E+02    0.1461647672E+02    0.1503722361E+02    0.1733096488E+02    0.1741663616E+02    0.1778928284E+02    0.1836238058E+02    0.2334229048E+02    0.2348043320E+02    0.2534123235E+02    0.2585092679E+02    0.2594863972E+02    0.2603015562E+02    0.2712956108E+02    0.2720043939E+02    0.2964409912E+02    0.2979504597E+02    0.2981496348E+02    0.3014394255E+02    0.3049148180E+02    0.3052508037E+02    0.3105915621E+02    0.3110094989E+02
    0.9302747798E-01    0.8281836171E+00    0.1547711283E+01    0.2816748226E+01    0.3590991939E+01    0.4673857719E+01    0.5970063922E+01    0.7666824131E+01    0.7682107179E+01    0.1123534334E+02    0.1147424522E+02    0.1278551972E+02    0.1333439019E+02    0.1378495961E+02    0.1386128753E+02    0.1459205801E+02    0.1501244280E+02    0.1733708518E+02    0.1743421769E+02    0.1781042556E+02    0.1838810655E+02    0.2332584219E+02    0.2345911065E+02    0.2532228390E+02    0.2582818666E+02    0.2597032014E+02    0.2604937503E+02    0.2714120745E+02    0.2720530830E+02    0.2964020928E+02    0.2980107459E+02    0.2982456257E+02    0.3013794445E+02    0.3048170483E+02    0.3051956479E+02    0.3106330364E+02    0.3110409109E+02
    0.9849968257E-01    0.8762316857E+00    0.1638516164E+01    0.2976775051E+01    0.3633899697E+01    0.4682024101E+01    0.5959708328E+01    0.7657987215E+01    0.7680876731E+01    0.1124133324E+02    0.1146405246E+02    0.1278411538E+02    0.1334756098E+02    0.1377025811E+02    0.1385284300E+02    0.1456626000E+02    0.1498635040E+02    0.1734362452E+02    0.1745267889E+02    0.1783247383E+02    0.1841517385E+02    0.2330858997E+02    0.2343689427E+02    0.2530221898E+02    0.2580454558E+02    0.2599288496E+02    0.2606949520E+02    0.2715312354E+02    0.2721045908E+02    0.2963609185E+02    0.2980732700E+02    0.2983468795E+02    0.3013159985E+02    0.3047135814E+02    0.3051382782E+02    0.3106765547E+02    0.3110738523E+02
    0.1039718872E+00    0.9242737273E+00    0.1729291148E+01    0.3135736617E+01    0.3678709162E+01    0.4689362730E+01    0.5948718102E+01    0.7649055616E+01    0.7680588970E+01    0.1124774529E+02    0.1145336036E+02    0.1278157614E+02    0.1336070979E+02    0.1375612295E+02    0.1384453552E+02    0.1453909946E+02    0.1495897141E+02    0.1735059234E+02    0.1747199604E+02    0.1785537820E+02    0.1844354855E+02    0.2329055855E+02    0.2341383059E+02    0.2528104291E+02    0.2578004807E+02    0.2601628256E+02    0.2609047971E+02    0.2716527202E+02    0.2721588977E+02    0.2963174789E+02    0.2981377382E+02    0.2984533020E+02    0.3012491141E+02    0.3046044580E+02    0.3050789410E+02    0.3107220395E+02    0.3111082621E+02
    0.1094440917E+00    0.9723044376E+00    0.1820033094E+01    0.3293523620E+01    0.3725350582E+01    0.4695692456E+01    0.5937087815E+01    0.7640118188E+01    0.7681389216E+01    0.1125459047E+02    0.1144218314E+02    0.1277772289E+02    0.1337363326E+02    0.1374277369E+02    0.1383654175E+02    0.1451059384E+02    0.1493033062E+02    0.1735799884E+02    0.1749214586E+02    0.1787908993E+02    0.1847319591E+02    0.2327177212E+02    0.2338996441E+02    0.2525876121E+02    0.2575473559E+02    0.2604046282E+02    0.2611229226E+02    0.2717761894E+02    0.2722159840E+02    0.2962717844E+02    0.2982038250E+02    0.2985647943E+02    0.3011788187E+02    0.3044897213E+02    0.3050179119E+02    0.3107694105E+02    0.3111440769E+02
    0.1149162963E+00    0.1020319201E+01    0.1910738758E+01    0.3450015198E+01    0.3773754852E+01    0.4700833613E+01    0.5924812188E+01    0.7631275880E+01    0.7683421746E+01    0.1126187985E+02    0.1143053591E+02    0.1277237653E+02    0.1338609107E+02    0.1373042860E+02    0.1382907373E+02    0.1448076125E+02    0.1490045254E+02    0.1736585503E+02    0.1751310558E+02    0.1790356124E+02    0.1850408051E+02    0.2325225425E+02    0.2336533868E+02    0.2523537967E+02    0.2572864669E+02    0.2606537733E+02    0.2613489675E+02    0.2719013367E+02    0.2722758300E+02    0.2962238451E+02    0.2982711705E+02    0.2986812535E+02    0.3011051404E+02    0.3043694168E+02    0.3049554994E+02    0.3108185846E+02    0.3111812314E+02
    0.1203885009E+00    0.1068313933E+01    0.2001404737E+01    0.3605076718E+01    0.3823853881E+01    0.4704610301E+01    0.5911886157E+01    0.7622643685E+01    0.7686827710E+01    0.1126962458E+02    0.1141843472E+02    0.1276536365E+02    0.1339780258E+02    0.1371929870E+02    0.1382238214E+02    0.1444962046E+02    0.1486936131E+02    0.1737417272E+02    0.1753485308E+02    0.1792874556E+02    0.1853616640E+02    0.2323202777E+02    0.2333999438E+02    0.2521090428E+02    0.2570181716E+02    0.2609097944E+02    0.2615825746E+02    0.2720278871E+02    0.2723384156E+02    0.2961736703E+02    0.2983393768E+02    0.2988025723E+02    0.3010281078E+02    0.3042435928E+02    0.3048920481E+02    0.3108694760E+02    0.3112196582E+02
    0.1258607055E+00    0.1116284964E+01    0.2092027427E+01    0.3758556800E+01    0.3875581337E+01    0.4706852760E+01    0.5898304949E+01    0.7614352955E+01    0.7691742915E+01    0.1127783586E+02    0.1140589656E+02    0.1275652305E+02    0.1340844714E+02    0.1370958116E+02    0.1381675612E+02    0.1441719082E+02    0.1483708076E+02    0.1738296454E+02    0.1755736684E+02    0.1795459761E+02    0.1856941717E+02    0.2321111468E+02    0.2331397050E+02    0.2518534124E+02    0.2567428016E+02    0.2611722440E+02    0.2618233913E+02    0.2721555954E+02    0.2724037209E+02    0.2961212690E+02    0.2984080043E+02    0.2989286392E+02    0.3009477502E+02    0.3041123001E+02    0.3048279429E+02    0.3109219964E+02    0.3112592882E+02
    0.1313329101E+00    0.1164228954E+01    0.2182602968E+01    0.3910268240E+01    0.3928889033E+01    0.4707399798E+01    0.5884064151E+01    0.7606554143E+01    0.7698295566E+01    0.1128652486E+02    0.1139293943E+02    0.1274571246E+02    0.1341767074E+02    0.1370145242E+02    0.1381251651E+02    0.1438349223E+02    0.1480363428E+02    0.1739224401E+02    0.1758062607E+02    0.1798107363E+02    0.1860379613E+02    0.2318953612E+02    0.2328730399E+02    0.2515869700E+02    0.2564606641E+02    0.2614406934E+02    0.2620710707E+02    0.2722842441E+02    0.2724717262E+02    0.2960666494E+02    0.2984765681E+02    0.2990593389E+02    0.3008640972E+02    0.3039755923E+02    0.3047636125E+02    0.3109760554E+02    0.3113000504E+02
    0.1368051147E+00    0.1212142817E+01    0.2273127191E+01    0.3983643003E+01    0.4060088729E+01    0.4706101177E+01    0.5869159795E+01    0.7599420017E+01    0.7706604016E+01    0.1129570278E+02    0.1137958236E+02    0.1273281498E+02    0.1342510268E+02    0.1369506167E+02    0.1380999923E+02    0.1434854517E+02    0.1476904494E+02    0.1740202546E+02    0.1760461071E+02    0.1800813145E+02    0.1863926639E+02    0.2316731231E+02    0.2326002978E+02    0.2513097821E+02    0.2561720440E+02    0.2617147333E+02    0.2623252724E+02    0.2724136415E+02    0.2725424118E+02    0.2960098192E+02    0.2985445342E+02    0.2991945518E+02    0.3007771791E+02    0.3038335259E+02    0.3046995335E+02    0.3110315601E+02    0.3113418724E+02
    0.1422773193E+00    0.1260023676E+01    0.2363595551E+01    0.4039865154E+01    0.4207715427E+01    0.4702819890E+01    0.5853588448E+01    0.7593149416E+01    0.7716774616E+01    0.1130538075E+02    0.1136584549E+02    0.1271774435E+02    0.1343038390E+02    0.1369052548E+02    0.1380952701E+02    0.1431237060E+02    0.1473333538E+02    0.1741232413E+02    0.1762930144E+02    0.1803573058E+02    0.1867579097E+02    0.2314446249E+02    0.2323218080E+02    0.2510219174E+02    0.2558772051E+02    0.2619939728E+02    0.2625856631E+02    0.2725436199E+02    0.2726157588E+02    0.2959507849E+02    0.2986113160E+02    0.2993341544E+02    0.3006870264E+02    0.3036861604E+02    0.3046362337E+02    0.3110884162E+02    0.3113846802E+02
    0.1477495239E+00    0.1307868817E+01    0.2454003060E+01    0.4097458677E+01    0.4352935200E+01    0.4697434234E+01    0.5837347312E+01    0.7587971550E+01    0.7728899750E+01    0.1131556986E+02    0.1135175010E+02    0.1270044855E+02    0.1343320476E+02    0.1368792417E+02    0.1381137160E+02    0.1427498995E+02    0.1469652792E+02    0.1742315610E+02    0.1765467969E+02    0.1806383229E+02    0.1871333292E+02    0.2312100496E+02    0.2320378804E+02    0.2507234469E+02    0.2555763921E+02    0.2622780402E+02    0.2628519168E+02    0.2726740246E+02    0.2726917578E+02    0.2958895526E+02    0.2986762719E+02    0.2994780187E+02    0.3005936703E+02    0.3035335587E+02    0.3045742952E+02    0.3111465271E+02    0.3114283984E+02
    0.1532217284E+00    0.1355675659E+01    0.2544344198E+01    0.4156366342E+01    0.4495461365E+01    0.4689839629E+01    0.5820434334E+01    0.7584150835E+01    0.7743056152E+01    0.1132628113E+02    0.1133731869E+02    0.1268091116E+02    0.1343334409E+02    0.1368730042E+02    0.1381571474E+02    0.1423642514E+02    0.1465864455E+02    0.1743453831E+02    0.1768072765E+02    0.1809239963E+02    0.1875185538E+02    0.2309695701E+02    0.2317488059E+02    0.2504144438E+02    0.2552698323E+02    0.2625665816E+02    0.2631237157E+02    0.2727703389E+02    0.2728047820E+02    0.2958261271E+02    0.2987387030E+02    0.2996260123E+02    0.3004971424E+02    0.3033757876E+02    0.3045143564E+02    0.3112057949E+02    0.3114729506E+02
    0.1586939330E+00    0.1403441726E+01    0.2634612810E+01    0.4216531300E+01    0.4634966896E+01    0.4679950660E+01    0.5802848333E+01    0.7581992143E+01    0.7759303554E+01    0.1132257510E+02    0.1133752551E+02    0.1265915045E+02    0.1343069687E+02    0.1368866016E+02    0.1382262055E+02    0.1419669851E+02    0.1461970697E+02    0.1744648853E+02    0.1770742828E+02    0.1812139747E+02    0.1879132168E+02    0.2307233496E+02    0.2314548576E+02    0.2500949835E+02    0.2549577367E+02    0.2628592606E+02    0.2634007499E+02    0.2728515539E+02    0.2729357169E+02    0.2957605126E+02    0.2987978536E+02    0.2997779966E+02    0.3003974754E+02    0.3032129185E+02    0.3044571118E+02    0.3112661200E+02    0.3115182590E+02
    0.1641661376E+00    0.1451164625E+01    0.2724801988E+01    0.4277898416E+01    0.4667697311E+01    0.4771082303E+01    0.5784589154E+01    0.7581846209E+01    0.7777683764E+01    0.1130754455E+02    0.1134931384E+02    0.1263521636E+02    0.1342528028E+02    0.1369197557E+02    0.1383202956E+02    0.1415583281E+02    0.1457973663E+02    0.1745902536E+02    0.1773476529E+02    0.1815079249E+02    0.1883169546E+02    0.2304715419E+02    0.2311562910E+02    0.2497651437E+02    0.2546403019E+02    0.2631557581E+02    0.2636827181E+02    0.2729353483E+02    0.2730667777E+02    0.2956927120E+02    0.2988529134E+02    0.2999338234E+02    0.3002947058E+02    0.3030450290E+02    0.3044033099E+02    0.3113274017E+02    0.3115642448E+02
    0.1696383422E+00    0.1498842029E+01    0.2814903914E+01    0.4340414438E+01    0.4653037611E+01    0.4903378103E+01    0.5765657837E+01    0.7584114694E+01    0.7798220168E+01    0.1129225377E+02    0.1136165688E+02    0.1260918601E+02    0.1341721648E+02    0.1369718967E+02    0.1384377594E+02    0.1411385119E+02    0.1453875479E+02    0.1747216816E+02    0.1776272312E+02    0.1818055322E+02    0.1887294068E+02    0.2302142908E+02    0.2308533451E+02    0.2494250044E+02    0.2543177109E+02    0.2634557708E+02    0.2639693274E+02    0.2730217067E+02    0.2731978905E+02    0.2956227275E+02    0.2989030236E+02    0.3000932830E+02    0.3001889238E+02    0.3028722048E+02    0.3043537474E+02    0.3113895379E+02    0.3116108283E+02
    0.1751105468E+00    0.1546471664E+01    0.2904909680E+01    0.4404028034E+01    0.4635942910E+01    0.5031375485E+01    0.5746056831E+01    0.7589254074E+01    0.7820917697E+01    0.1127673117E+02    0.1137456526E+02    0.1258115818E+02    0.1340670037E+02    0.1370422173E+02    0.1385761987E+02    0.1407077720E+02    0.1449678254E+02    0.1748593702E+02    0.1779128696E+02    0.1821064996E+02    0.1891502172E+02    0.2299517311E+02    0.2305462435E+02    0.2490746483E+02    0.2539901346E+02    0.2637590110E+02    0.2642602934E+02    0.2731106112E+02    0.2733289993E+02    0.2955505600E+02    0.2989472863E+02    0.3000798610E+02    0.3002565110E+02    0.3026945446E+02    0.3043092598E+02    0.3114524255E+02    0.3116579290E+02
    0.1805827514E+00    0.1594051296E+01    0.2994809051E+01    0.4468689763E+01    0.4616406754E+01    0.5154535400E+01    0.5725790252E+01    0.7597777063E+01    0.7845763232E+01    0.1126100693E+02    0.1138804950E+02    0.1255124764E+02    0.1339396411E+02    0.1371297313E+02    0.1387328308E+02    0.1402663475E+02    0.1445384090E+02    0.1750035271E+02    0.1782044272E+02    0.1824105483E+02    0.1895790344E+02    0.2296839886E+02    0.2302351948E+02    0.2487141602E+02    0.2536577327E+02    0.2640652057E+02    0.2645553400E+02    0.2732020436E+02    0.2734600621E+02    0.2954762096E+02    0.2989847797E+02    0.2999679801E+02    0.3004228909E+02    0.3025121694E+02    0.3042707065E+02    0.3115159605E+02    0.3117054654E+02
    0.1860549560E+00    0.1641578721E+01    0.3084590174E+01    0.4534351887E+01    0.4594441730E+01    0.5272263711E+01    0.5704864209E+01    0.7610249723E+01    0.7872726409E+01    0.1124511322E+02    0.1140211999E+02    0.1251957966E+02    0.1337924775E+02    0.1372333277E+02    0.1389047832E+02    0.1398144818E+02    0.1440995085E+02    0.1751543660E+02    0.1785017703E+02    0.1827174167E+02    0.1900155122E+02    0.2294111802E+02    0.2299203942E+02    0.2483436275E+02    0.2533206550E+02    0.2643740959E+02    0.2648541999E+02    0.2732959861E+02    0.2735910499E+02    0.2953996752E+02    0.2990145778E+02    0.2998530941E+02    0.3005924123E+02    0.3023252440E+02    0.3042389508E+02    0.3115800382E+02    0.3117533556E+02
    0.1915271606E+00    0.1689051756E+01    0.3174239206E+01    0.4570075573E+01    0.4600971248E+01    0.5383920227E+01    0.5683287241E+01    0.7627281940E+01    0.7901760766E+01    0.1122908442E+02    0.1141678698E+02    0.1248628520E+02    0.1336277960E+02    0.1373518197E+02    0.1390892864E+02    0.1393524267E+02    0.1436513340E+02    0.1753121057E+02    0.1788047719E+02    0.1830268605E+02    0.1904593103E+02    0.2291334146E+02    0.2296020234E+02    0.2479631403E+02    0.2529790419E+02    0.2646854355E+02    0.2651566139E+02    0.2733924207E+02    0.2737219454E+02    0.2953209547E+02    0.2990357756E+02    0.2997352577E+02    0.3007647226E+02    0.3021340350E+02    0.3042148357E+02    0.3116445531E+02    0.3118015168E+02
    0.1969993651E+00    0.1736468234E+01    0.3263739837E+01    0.4543359967E+01    0.4668499047E+01    0.5488836812E+01    0.5661071048E+01    0.7649508707E+01    0.7932805155E+01    0.1121295731E+02    0.1143206056E+02    0.1245149700E+02    0.1334476578E+02    0.1374839847E+02    0.1388804020E+02    0.1392838205E+02    0.1431940967E+02    0.1754769693E+02    0.1791133123E+02    0.1833386519E+02    0.1909100944E+02    0.2288507923E+02    0.2292802525E+02    0.2475727915E+02    0.2526330252E+02    0.2649989912E+02    0.2654623311E+02    0.2734913297E+02    0.2738527422E+02    0.2952400450E+02    0.2990475183E+02    0.2996145075E+02    0.3009391968E+02    0.3019391001E+02    0.3041991542E+02    0.3117093990E+02    0.3118498659E+02
    0.2024715697E+00    0.1783825996E+01    0.3353072657E+01    0.4514352995E+01    0.4736896763E+01    0.5586343554E+01    0.5638234492E+01    0.7677560193E+01    0.7965785356E+01    0.1119677145E+02    0.1144795067E+02    0.1241534644E+02    0.1332538650E+02    0.1376285951E+02    0.1383987080E+02    0.1394860420E+02    0.1427280095E+02    0.1756491828E+02    0.1794272783E+02    0.1836525795E+02    0.1913675370E+02    0.2285634060E+02    0.2289552400E+02    0.2471726764E+02    0.2522827294E+02    0.2653145410E+02    0.2657711086E+02    0.2735926956E+02    0.2739834436E+02    0.2951569420E+02    0.2990490322E+02    0.2994908785E+02    0.3011140402E+02    0.3017421700E+02    0.3041926184E+02    0.3117744696E+02    0.3118983192E+02
    0.2079437743E+00    0.1831122887E+01    0.3442214344E+01    0.4483130201E+01    0.4806123341E+01    0.5614771119E+01    0.5675843112E+01    0.7712020246E+01    0.8000615784E+01    0.1118056946E+02    0.1146446702E+02    0.1237796134E+02    0.1330479638E+02    0.1377844274E+02    0.1379075925E+02    0.1396939286E+02    0.1422532879E+02    0.1758289744E+02    0.1797465635E+02    0.1839684475E+02    0.1918313171E+02    0.2282713415E+02    0.2286271340E+02    0.2467628935E+02    0.2519282715E+02    0.2656318742E+02    0.2660827114E+02    0.2736965009E+02    0.2741140625E+02    0.2950716404E+02    0.2990396559E+02    0.2993644056E+02    0.3012780609E+02    0.3015543743E+02    0.3041958291E+02    0.3118396581E+02    0.3119467926E+02
    0.2134159789E+00    0.1878356752E+01    0.3531136558E+01    0.4449777962E+01    0.4876140027E+01    0.5590745988E+01    0.5756764833E+01    0.7753376024E+01    0.8037201253E+01    0.1116439744E+02    0.1148161915E+02    0.1233946446E+02    0.1328312681E+02    0.1374072622E+02    0.1379503657E+02    0.1399056597E+02    0.1417701512E+02    0.1760165724E+02    0.1800710683E+02    0.1842860753E+02    0.1923011210E+02    0.2279746771E+02    0.2282960731E+02    0.2463435441E+02    0.2515697624E+02    0.2659507903E+02    0.2663969126E+02    0.2738027279E+02    0.2742446198E+02    0.2949841342E+02    0.2990188659E+02    0.2992351247E+02    0.3012790382E+02    0.3015278725E+02    0.3042092491E+02    0.3119048573E+02    0.3119952018E+02
    0.2188881835E+00    0.1925525432E+01    0.3619804458E+01    0.4414392392E+01    0.4946909697E+01    0.5566167599E+01    0.5828746268E+01    0.7801965423E+01    0.8075438697E+01    0.1114830549E+02    0.1149941633E+02    0.1229997256E+02    0.1326048908E+02    0.1368980536E+02    0.1381252092E+02    0.1401196168E+02    0.1412788231E+02    0.1762122044E+02    0.1804006994E+02    0.1846052971E+02    0.1927766422E+02    0.2276734849E+02    0.2279621867E+02    0.2459147326E+02    0.2512073068E+02    0.2662710983E+02    0.2667134923E+02    0.2739113593E+02    0.2743751446E+02    0.2948944163E+02    0.2989862949E+02    0.2991030747E+02    0.3010866758E+02    0.3016929011E+02    0.3042331835E+02    0.3119699601E+02    0.3120434622E+02
    0.2243603881E+00    0.1972626759E+01    0.3708174661E+01    0.4377077752E+01    0.5018396754E+01    0.5541079425E+01    0.5891587873E+01    0.7857932173E+01    0.8115218815E+01    0.1113234827E+02    0.1151786757E+02    0.1225959598E+02    0.1323697762E+02    0.1363802083E+02    0.1383079060E+02    0.1403343502E+02    0.1407795338E+02    0.1764160953E+02    0.1807353700E+02    0.1849259610E+02    0.1932575819E+02    0.2273678305E+02    0.2276255960E+02    0.2454765666E+02    0.2508410041E+02    0.2665926165E+02    0.2670322384E+02    0.2740223774E+02    0.2745056727E+02    0.2948024788E+02    0.2989416970E+02    0.2989683422E+02    0.3008729735E+02    0.3018774024E+02    0.3042677697E+02    0.3120348592E+02    0.3120914891E+02
    0.2298325927E+00    0.2019658558E+01    0.3796192392E+01    0.4337944956E+01    0.5090567050E+01    0.5515534245E+01    0.5945307448E+01    0.7921199069E+01    0.8156427601E+01    0.1111658572E+02    0.1153698157E+02    0.1221843848E+02    0.1321267290E+02    0.1358540037E+02    0.1384974240E+02    0.1402725115E+02    0.1405485618E+02    0.1766284655E+02    0.1810749999E+02    0.1852479289E+02    0.1937436486E+02    0.2270577739E+02    0.2272864146E+02    0.2450291569E+02    0.2504709485E+02    0.2669151714E+02    0.2673529459E+02    0.2741357644E+02    0.2746362469E+02    0.2947083127E+02    0.2988307156E+02    0.2988852938E+02    0.3006522999E+02    0.3020669513E+02    0.3043129781E+02    0.3120994475E+02    0.3121391975E+02
    0.2353047973E+00    0.2066618641E+01    0.3883787435E+01    0.4297110230E+01    0.5163387789E+01    0.5489600534E+01    0.5990138471E+01    0.7991466310E+01    0.8198947718E+01    0.1110108385E+02    0.1155676665E+02    0.1217659738E+02    0.1318764397E+02    0.1353197220E+02    0.1386927822E+02    0.1397580169E+02    0.1407610496E+02    0.1768495293E+02    0.1814195153E+02    0.1855710756E+02    0.1942345585E+02    0.2267433692E+02    0.2269447491E+02    0.2445726178E+02    0.2500972298E+02    0.2672385975E+02    0.2676754166E+02    0.2742515023E+02    0.2747669157E+02    0.2946119083E+02    0.2986905722E+02    0.2988168767E+02    0.3004266647E+02    0.3022594832E+02    0.3043686223E+02    0.3121636178E+02    0.3121865028E+02
    0.2407770018E+00    0.2113504806E+01    0.3970868239E+01    0.4254693978E+01    0.5236827369E+01    0.5463368601E+01    0.6026504865E+01    0.8068235333E+01    0.8242659715E+01    0.1108591577E+02    0.1157723076E+02    0.1213416382E+02    0.1316195053E+02    0.1347776512E+02    0.1388930431E+02    0.1392362998E+02    0.1409707379E+02    0.1770794929E+02    0.1817688485E+02    0.1858952884E+02    0.1947300357E+02    0.2264246658E+02    0.2266006997E+02    0.2441070670E+02    0.2497199333E+02    0.2675627365E+02    0.2679994593E+02    0.2743695726E+02    0.2748977334E+02    0.2945132552E+02    0.2985477823E+02    0.2987368837E+02    0.3001966978E+02    0.3024543157E+02    0.3044343787E+02    0.3122272610E+02    0.3122333225E+02
    0.2462492064E+00    0.2160314835E+01    0.4057312993E+01    0.4210820086E+01    0.5310854756E+01    0.5436959799E+01    0.6054976676E+01    0.8150851673E+01    0.8287443072E+01    0.1107116289E+02    0.1159838132E+02    0.1209122310E+02    0.1313564469E+02    0.1342280868E+02    0.1387075933E+02    0.1390973552E+02    0.1411766247E+02    0.1773185526E+02    0.1821229386E+02    0.1862204667E+02    0.1952298119E+02    0.2261017079E+02    0.2262543608E+02    0.2436326259E+02    0.2493391402E+02    0.2678874370E+02    0.2683248894E+02    0.2744899567E+02    0.2750287591E+02    0.2944123421E+02    0.2984023981E+02    0.2986456865E+02    0.2999627051E+02    0.3026510919E+02    0.3045098104E+02    0.3122795593E+02    0.3122902831E+02
    0.2517214110E+00    0.2207046497E+01    0.4142944813E+01    0.4165626945E+01    0.5385425429E+01    0.5410553466E+01    0.6076216939E+01    0.8238556379E+01    0.8333177077E+01    0.1105691631E+02    0.1162022524E+02    0.1204785512E+02    0.1310877237E+02    0.1336713319E+02    0.1381722364E+02    0.1393048164E+02    0.1413777839E+02    0.1775668923E+02    0.1824817306E+02    0.1865465212E+02    0.1957336266E+02    0.2257745354E+02    0.2259058216E+02    0.2431494197E+02    0.2489549282E+02    0.2682125536E+02    0.2686515285E+02    0.2746126352E+02    0.2751600567E+02    0.2943091571E+02    0.2982544602E+02    0.2985437572E+02    0.2997248856E+02    0.3028495644E+02    0.3045943950E+02    0.3123251465E+02    0.3123525602E+02
    0.2571936156E+00    0.2253697540E+01    0.4119192469E+01    0.4227586170E+01    0.5384309161E+01    0.5460578961E+01    0.6090930068E+01    0.8330535592E+01    0.8379741562E+01    0.1104327857E+02    0.1164276878E+02    0.1200413481E+02    0.1308137440E+02    0.1331076992E+02    0.1376304942E+02    0.1395146525E+02    0.1415733551E+02    0.1778246823E+02    0.1828451760E+02    0.1868733735E+02    0.1962412268E+02    0.2254431841E+02    0.2255551662E+02    0.2426575774E+02    0.2485673715E+02    0.2685379470E+02    0.2689792047E+02    0.2747375882E+02    0.2752916943E+02    0.2942036875E+02    0.2981040087E+02    0.2984316307E+02    0.2994833954E+02    0.3030495306E+02    0.3046875504E+02    0.3123699904E+02    0.3124139960E+02
    0.2626658202E+00    0.2300265697E+01    0.4071703202E+01    0.4310858144E+01    0.5358634499E+01    0.5536202217E+01    0.6099818984E+01    0.8425956099E+01    0.8427022391E+01    0.1103036562E+02    0.1166601748E+02    0.1196013253E+02    0.1305348743E+02    0.1325375118E+02    0.1370826904E+02    0.1397260863E+02    0.1417625367E+02    0.1780920766E+02    0.1832132325E+02    0.1872009557E+02    0.1967523673E+02    0.2251076856E+02    0.2252024746E+02    0.2421572320E+02    0.2481765409E+02    0.2688634831E+02    0.2693077519E+02    0.2748647950E+02    0.2754237436E+02    0.2940959201E+02    0.2979510840E+02    0.2983098798E+02    0.2992383716E+02    0.3032508094E+02    0.3047886600E+02    0.3124140080E+02    0.3124744848E+02
    0.2681380248E+00    0.2346748684E+01    0.4023263479E+01    0.4392321430E+01    0.5333955191E+01    0.5612308674E+01    0.6103554143E+01    0.8474886584E+01    0.8524018772E+01    0.1101830926E+02    0.1168997598E+02    0.1191591448E+02    0.1302514465E+02    0.1319611054E+02    0.1365291689E+02    0.1399383749E+02    0.1419445808E+02    0.1783692118E+02    0.1835858640E+02    0.1875292094E+02    0.1972668103E+02    0.2247680685E+02    0.2248478229E+02    0.2416485207E+02    0.2477825042E+02    0.2691890325E+02    0.2696370100E+02    0.2749942340E+02    0.2755562799E+02    0.2939858411E+02    0.2977957277E+02    0.2981790942E+02    0.2989899421E+02    0.3034532313E+02    0.3048970930E+02    0.3124571155E+02    0.3125339222E+02
    0.2736102294E+00    0.2393144196E+01    0.3974003236E+01    0.4471289249E+01    0.5310961413E+01    0.5688870989E+01    0.6102754337E+01    0.8523234047E+01    0.8623923039E+01    0.1100725992E+02    0.1171464796E+02    0.1187154312E+02    0.1299637639E+02    0.1313788298E+02    0.1359703029E+02    0.1401508033E+02    0.1421187897E+02    0.1786562044E+02    0.1839630409E+02    0.1878580861E+02    0.1977843254E+02    0.2244243578E+02    0.2244912836E+02    0.2411315850E+02    0.2473853264E+02    0.2695144705E+02    0.2699668246E+02    0.2751258826E+02    0.2756893815E+02    0.2938734364E+02    0.2976379821E+02    0.2980398641E+02    0.2987382306E+02    0.3036566337E+02    0.3050122207E+02    0.3124992297E+02    0.3125922046E+02
    0.2790824340E+00    0.2439449915E+01    0.3924051533E+01    0.4546729632E+01    0.5290687847E+01    0.5765864885E+01    0.6097977212E+01    0.8571945576E+01    0.8724924712E+01    0.1099738982E+02    0.1174003582E+02    0.1182707755E+02    0.1296721059E+02    0.1307910519E+02    0.1354065008E+02    0.1403626805E+02    0.1422845134E+02    0.1789531500E+02    0.1843447395E+02    0.1881875457E+02    0.1983046895E+02    0.2240765759E+02    0.2241329262E+02    0.2406065707E+02    0.2469850696E+02    0.2698396761E+02    0.2702970467E+02    0.2752597169E+02    0.2758231294E+02    0.2937586911E+02    0.2974778906E+02    0.2978927681E+02    0.2984833590E+02    0.3038608580E+02    0.3051334295E+02    0.3125402678E+02    0.3126492294E+02
    0.2845546385E+00    0.2485663503E+01    0.3873537207E+01    0.4617083883E+01    0.5274696355E+01    0.5843267190E+01    0.6089716852E+01    0.8620909453E+01    0.8826307577E+01    0.1098889659E+02    0.1176613923E+02    0.1178257516E+02    0.1293767314E+02    0.1301981589E+02    0.1348382135E+02    0.1405733375E+02    0.1424411476E+02    0.1792601212E+02    0.1847309422E+02    0.1885175567E+02    0.1988276864E+02    0.2237247425E+02    0.2237728173E+02    0.2400736283E+02    0.2465817936E+02    0.2701645320E+02    0.2706275328E+02    0.2753957116E+02    0.2759576070E+02    0.2936415902E+02    0.2973154982E+02    0.2977383650E+02    0.2982254491E+02    0.3040657491E+02    0.3052601287E+02    0.3125801475E+02    0.3127048948E+02
    0.2900268431E+00    0.2531782607E+01    0.3822588908E+01    0.4680058075E+01    0.5265284611E+01    0.5921055514E+01    0.6078405955E+01    0.8670015992E+01    0.8927381972E+01    0.1098200703E+02    0.1173808306E+02    0.1179296359E+02    0.1290778823E+02    0.1296005624E+02    0.1342659440E+02    0.1407821240E+02    0.1425881320E+02    0.1795771667E+02    0.1851216379E+02    0.1888480953E+02    0.1993531070E+02    0.2233688751E+02    0.2234110213E+02    0.2395329128E+02    0.2461755556E+02    0.2704889241E+02    0.2709581444E+02    0.2755338401E+02    0.2760928997E+02    0.2935221183E+02    0.2971508510E+02    0.2975771879E+02    0.2979646225E+02    0.3042711541E+02    0.3053917569E+02    0.3126187872E+02    0.3127591000E+02
    0.2954990477E+00    0.2577804858E+01    0.3771335120E+01    0.4732561921E+01    0.5265547275E+01    0.5999207631E+01    0.6064421067E+01    0.8719157460E+01    0.9027475155E+01    0.1097698085E+02    0.1169365947E+02    0.1182049857E+02    0.1287757861E+02    0.1289987041E+02    0.1336902582E+02    0.1409884065E+02    0.1427249498E+02    0.1799043099E+02    0.1855168211E+02    0.1891791452E+02    0.1998807485E+02    0.2230089895E+02    0.2230476005E+02    0.2389845841E+02    0.2457664105E+02    0.2708127407E+02    0.2712887481E+02    0.2756740737E+02    0.2762290948E+02    0.2934002596E+02    0.2969839970E+02    0.2974097419E+02    0.2977010022E+02    0.3044769223E+02    0.3055277844E+02    0.3126561060E+02    0.3128117452E+02
    0.3009712523E+00    0.2623727874E+01    0.3719904200E+01    0.4771228253E+01    0.5278856532E+01    0.6048078917E+01    0.6077710974E+01    0.8768227905E+01    0.9125920840E+01    0.1097411377E+02    0.1164934934E+02    0.1184874207E+02    0.1283930634E+02    0.1284706577E+02    0.1331117998E+02    0.1411915668E+02    0.1428511265E+02    0.1802415483E+02    0.1859164925E+02    0.1895106971E+02    0.2004104148E+02    0.2226450997E+02    0.2226826154E+02    0.2384288071E+02    0.2453544110E+02    0.2711358728E+02    0.2716192154E+02    0.2758163817E+02    0.2763662809E+02    0.2932759982E+02    0.2968149856E+02    0.2972365031E+02    0.2974347120E+02    0.3046829048E+02    0.3056677145E+02    0.3126920235E+02    0.3128627319E+02
    0.3064434569E+00    0.2669549262E+01    0.3668424444E+01    0.4793829753E+01    0.5307445393E+01    0.6029676862E+01    0.6156528324E+01    0.8817122900E+01    0.9222049637E+01    0.1097373903E+02    0.1160519914E+02    0.1187768480E+02    0.1277841701E+02    0.1281627004E+02    0.1325313086E+02    0.1413909995E+02    0.1429662296E+02    0.1805888528E+02    0.1863206584E+02    0.1898427479E+02    0.2009419157E+02    0.2222772190E+02    0.2223161251E+02    0.2378657517E+02    0.2449396076E+02    0.2714582129E+02    0.2719494226E+02    0.2759607314E+02    0.2765045476E+02    0.2931493178E+02    0.2966438685E+02    0.2970579181E+02    0.2971658776E+02    0.3048889542E+02    0.3058110835E+02    0.3127264606E+02    0.3129119625E+02
    0.3119156615E+00    0.2715266617E+01    0.3617024164E+01    0.4800672277E+01    0.5351014381E+01    0.6009444105E+01    0.6235652492E+01    0.8865739214E+01    0.9315182313E+01    0.1097622582E+02    0.1156125327E+02    0.1190731246E+02    0.1271726202E+02    0.1278521092E+02    0.1319496434E+02    0.1415861112E+02    0.1430698674E+02    0.1809461674E+02    0.1867293311E+02    0.1901753005E+02    0.2014750666E+02    0.2219053596E+02    0.2219481875E+02    0.2372955929E+02    0.2445220491E+02    0.2717796551E+02    0.2722792504E+02    0.2761070873E+02    0.2766439858E+02    0.2930202024E+02    0.2964706992E+02    0.2968743920E+02    0.2968946405E+02    0.3050949254E+02    0.3059574595E+02    0.3127593386E+02    0.3129593410E+02
    0.3173878661E+00    0.2760877527E+01    0.3565831772E+01    0.4794330809E+01    0.5406995605E+01    0.5987591647E+01    0.6315061774E+01    0.8913974403E+01    0.9404628158E+01    0.1098197241E+02    0.1151755439E+02    0.1193760304E+02    0.1265591068E+02    0.1275390702E+02    0.1313678130E+02    0.1417763190E+02    0.1431616886E+02    0.1813134090E+02    0.1871425282E+02    0.1905083635E+02    0.2020096883E+02    0.2215295339E+02    0.2215788596E+02    0.2367185113E+02    0.2441017821E+02    0.2721000943E+02    0.2726085840E+02    0.2762554111E+02    0.2767846866E+02    0.2928886355E+02    0.2962955340E+02    0.2966210637E+02    0.2966863841E+02    0.3053006744E+02    0.3061064409E+02    0.3127905800E+02    0.3130047724E+02
    0.3228600707E+00    0.2806379573E+01    0.3514975858E+01    0.4778086708E+01    0.5472115530E+01    0.5964299657E+01    0.6394737354E+01    0.8961726321E+01    0.9489691164E+01    0.1099139120E+02    0.1147414359E+02    0.1196852188E+02    0.1259444724E+02    0.1272237623E+02    0.1307870149E+02    0.1419610496E+02    0.1432413816E+02    0.1816904678E+02    0.1875602728E+02    0.1908419502E+02    0.2025456062E+02    0.2211497546E+02    0.2212081977E+02    0.2361346927E+02    0.2436788513E+02    0.2724194260E+02    0.2729373129E+02    0.2764056614E+02    0.2769267416E+02    0.2927546007E+02    0.2961184314E+02    0.2963453573E+02    0.2964941850E+02    0.3055060594E+02    0.3062576540E+02    0.3128201084E+02    0.3130481633E+02
    0.3283322752E+00    0.2851770332E+01    0.3464585251E+01    0.4754749653E+01    0.5543573058E+01    0.5939723944E+01    0.6474660989E+01    0.9008892545E+01    0.9569686796E+01    0.1100488262E+02    0.1143106052E+02    0.1200001165E+02    0.1253298139E+02    0.1269063580E+02    0.1302086867E+02    0.1421397383E+02    0.1433086734E+02    0.1820772076E+02    0.1879825930E+02    0.1911760787E+02    0.2030826500E+02    0.2207660354E+02    0.2208362577E+02    0.2355443286E+02    0.2432532999E+02    0.2727375456E+02    0.2732653308E+02    0.2765577931E+02    0.2770702423E+02    0.2926180817E+02    0.2959394531E+02    0.2960676150E+02    0.2962981826E+02    0.3057109402E+02    0.3064107515E+02    0.3128478482E+02    0.3130894217E+02
    0.3338044798E+00    0.2897047384E+01    0.3414789059E+01    0.4726348253E+01    0.5619348939E+01    0.5913999660E+01    0.6554814845E+01    0.9055369705E+01    0.9643971299E+01    0.1102279546E+02    0.1138834351E+02    0.1203196969E+02    0.1247167150E+02    0.1265870240E+02    0.1296345740E+02    0.1423118281E+02    0.1433633287E+02    0.1824734667E+02    0.1884095220E+02    0.1915107709E+02    0.2036206526E+02    0.2203783922E+02    0.2204630954E+02    0.2349476161E+02    0.2428251692E+02    0.2730543482E+02    0.2735925354E+02    0.2767117574E+02    0.2772152803E+02    0.2924790623E+02    0.2957586626E+02    0.2957879715E+02    0.2960987079E+02    0.3059151788E+02    0.3065654101E+02    0.3128737252E+02    0.3131284572E+02
    0.3392766844E+00    0.2942208307E+01    0.3365716675E+01    0.4694253786E+01    0.5698082055E+01    0.5887244374E+01    0.6635181437E+01    0.9101052705E+01    0.9711983002E+01    0.1104537358E+02    0.1134602971E+02    0.1206418867E+02    0.1241078458E+02    0.1262659222E+02    0.1290668191E+02    0.1424767695E+02    0.1434051486E+02    0.1828790588E+02    0.1888410974E+02    0.1918460526E+02    0.2041594492E+02    0.2199868436E+02    0.2200887665E+02    0.2343447581E+02    0.2423944989E+02    0.2733697274E+02    0.2739188282E+02    0.2768675006E+02    0.2773619464E+02    0.2923375263E+02    0.2955065524E+02    0.2955761356E+02    0.2958960785E+02    0.3061186388E+02    0.3067213284E+02    0.3128976662E+02    0.3131651811E+02
    0.3447488890E+00    0.2987250687E+01    0.3317497738E+01    0.4659380838E+01    0.5778868807E+01    0.5859560660E+01    0.6715743566E+01    0.9145833842E+01    0.9773290976E+01    0.1107269293E+02    0.1130415511E+02    0.1209616960E+02    0.1235088410E+02    0.1259432094E+02    0.1285080792E+02    0.1426340199E+02    0.1434339695E+02    0.1832937740E+02    0.1892773611E+02    0.1921819525E+02    0.2046988758E+02    0.2195914131E+02    0.2197133271E+02    0.2337359634E+02    0.2419613271E+02    0.2736835753E+02    0.2742441147E+02    0.2770249646E+02    0.2775103308E+02    0.2921934577E+02    0.2952235003E+02    0.2953919353E+02    0.2956905988E+02    0.3063211860E+02    0.3068782253E+02    0.3129195996E+02    0.3131995060E+02
    0.3502210936E+00    0.3032172117E+01    0.3270262051E+01    0.4622346740E+01    0.5831038147E+01    0.5861103826E+01    0.6796484278E+01    0.9189601792E+01    0.9827641586E+01    0.1110459723E+02    0.1126275475E+02    0.1212634474E+02    0.1229360790E+02    0.1256190389E+02    0.1279616812E+02    0.1427830430E+02    0.1434496616E+02    0.1837173803E+02    0.1897183589E+02    0.1925185020E+02    0.2052387677E+02    0.2191921303E+02    0.2193368338E+02    0.2331214467E+02    0.2415256904E+02    0.2739957818E+02    0.2745683039E+02    0.2771840856E+02    0.2776605230E+02    0.2920468406E+02    0.2949389449E+02    0.2952061438E+02    0.2954825627E+02    0.3065226885E+02    0.3070358375E+02    0.3129394548E+02    0.3132313467E+02
    0.3556932982E+00    0.3076970194E+01    0.3224139443E+01    0.4583578226E+01    0.5801755819E+01    0.5944372870E+01    0.6877386806E+01    0.9232240463E+01    0.9874990596E+01    0.1114064379E+02    0.1122186276E+02    0.1214753864E+02    0.1224620824E+02    0.1252935602E+02    0.1274318248E+02    0.1429233090E+02    0.1434521274E+02    0.1841496250E+02    0.1901641401E+02    0.1928557349E+02    0.2057789564E+02    0.2187890339E+02    0.2189593440E+02    0.2325014288E+02    0.2410876240E+02    0.2743062335E+02    0.2748913083E+02    0.2773447936E+02    0.2778126108E+02    0.2918976596E+02    0.2946530212E+02    0.2950188432E+02    0.2952722554E+02    0.3067230163E+02    0.3071939187E+02    0.3129571627E+02    0.3132606195E+02
    0.3611655028E+00    0.3121642451E+01    0.3179259626E+01    0.4543379018E+01    0.5771782769E+01    0.6028386048E+01    0.6958434522E+01    0.9273627714E+01    0.9915510257E+01    0.1118004274E+02    0.1118153890E+02    0.1213330357E+02    0.1223521751E+02    0.1249669195E+02    0.1269238393E+02    0.1430542940E+02    0.1434413002E+02    0.1845902366E+02    0.1906147566E+02    0.1931936864E+02    0.2063192660E+02    0.2183821757E+02    0.2185809160E+02    0.2318761366E+02    0.2406471617E+02    0.2746148132E+02    0.2752130440E+02    0.2775070118E+02    0.2779666810E+02    0.2917458994E+02    0.2943658649E+02    0.2948301216E+02    0.2950599556E+02    0.3069220418E+02    0.3073522377E+02    0.3129726558E+02    0.3132872427E+02
    0.3666377074E+00    0.3135750736E+01    0.3166187542E+01    0.4501972245E+01    0.5741180142E+01    0.6112934783E+01    0.7039610881E+01    0.9313633926E+01    0.9949567683E+01    0.1114173377E+02    0.1122178082E+02    0.1208548997E+02    0.1225887911E+02    0.1246392604E+02    0.1264444976E+02    0.1431754802E+02    0.1434171423E+02    0.1850389260E+02    0.1910702629E+02    0.1935323932E+02    0.2068595074E+02    0.2179716262E+02    0.2182016093E+02    0.2312458033E+02    0.2402043358E+02    0.2749213991E+02    0.2755334303E+02    0.2776706560E+02    0.2781228186E+02    0.2915915450E+02    0.2940776123E+02    0.2946400739E+02    0.2948459377E+02    0.3071196398E+02    0.3075105771E+02    0.3129858680E+02    0.3133111364E+02
    0.3721099119E+00    0.3093743032E+01    0.3210601171E+01    0.4459527297E+01    0.5710001962E+01    0.6197865243E+01    0.7120899367E+01    0.9352120447E+01    0.9977679857E+01    0.1110256220E+02    0.1126435746E+02    0.1202955643E+02    0.1229183888E+02    0.1243107243E+02    0.1260023620E+02    0.1432863556E+02    0.1433796440E+02    0.1854953890E+02    0.1915307153E+02    0.1938718928E+02    0.2073994696E+02    0.2175574836E+02    0.2178214850E+02    0.2306106680E+02    0.2397591773E+02    0.2752258638E+02    0.2758523897E+02    0.2778356334E+02    0.2782811067E+02    0.2914345819E+02    0.2937883997E+02    0.2944488020E+02    0.2946304738E+02    0.3073156876E+02    0.3076687320E+02    0.3129967348E+02    0.3133322228E+02
    0.3775821165E+00    0.3053362116E+01    0.3254882436E+01    0.4416177124E+01    0.5678296091E+01    0.6283061045E+01    0.7202283430E+01    0.9388937914E+01    0.1000045700E+02    0.1106402667E+02    0.1130608626E+02    0.1197204503E+02    0.1232767141E+02    0.1239814502E+02    0.1256080929E+02    0.1433288160E+02    0.1433864191E+02    0.1859593075E+02    0.1919961707E+02    0.1942122228E+02    0.2079389048E+02    0.2171398883E+02    0.2174406060E+02    0.2299709762E+02    0.2393117163E+02    0.2755280729E+02    0.2761698480E+02    0.2780018418E+02    0.2784416263E+02    0.2912749959E+02    0.2934983643E+02    0.2942564163E+02    0.2944138356E+02    0.3075100646E+02    0.3078265093E+02    0.3130051935E+02    0.3133504261E+02
    0.3830543211E+00    0.3014733413E+01    0.3299028812E+01    0.4372029610E+01    0.5646105003E+01    0.6368431904E+01    0.7283746424E+01    0.9423924513E+01    0.1001854698E+02    0.1102615757E+02    0.1134499885E+02    0.1191453468E+02    0.1236492822E+02    0.1236515760E+02    0.1252745569E+02    0.1432647063E+02    0.1434751629E+02    0.1864303517E+02    0.1924666866E+02    0.1945534209E+02    0.2084775040E+02    0.2167190481E+02    0.2170590375E+02    0.2293269799E+02    0.2388619813E+02    0.2758278845E+02    0.2764857338E+02    0.2781691681E+02    0.2786044560E+02    0.2911127732E+02    0.2932076429E+02    0.2940630363E+02    0.2941962964E+02    0.3077026533E+02    0.3079837263E+02    0.3130111829E+02    0.3133656728E+02
    0.3885265257E+00    0.2977979632E+01    0.3343038066E+01    0.4327175210E+01    0.5613466456E+01    0.6453906031E+01    0.7365271531E+01    0.9456904244E+01    0.1003258988E+02    0.1098898463E+02    0.1137895631E+02    0.1185765371E+02    0.1233212383E+02    0.1240312666E+02    0.1250164496E+02    0.1431873707E+02    0.1435521004E+02    0.1869081819E+02    0.1929423195E+02    0.1948955240E+02    0.2090148532E+02    0.2162952814E+02    0.2166768469E+02    0.2286789369E+02    0.2384099998E+02    0.2761251473E+02    0.2767999786E+02    0.2783374878E+02    0.2787696722E+02    0.2909479007E+02    0.2929163728E+02    0.2938687919E+02    0.2939781333E+02    0.3078933383E+02    0.3081402104E+02    0.3130146437E+02    0.3133778913E+02
    0.3939987303E+00    0.2943220290E+01    0.3386908026E+01    0.4281692193E+01    0.5580414049E+01    0.6539424913E+01    0.7446841689E+01    0.9487685302E+01    0.1004318633E+02    0.1095253705E+02    0.1140580374E+02    0.1180178054E+02    0.1229905732E+02    0.1244204955E+02    0.1248490720E+02    0.1430968926E+02    0.1436167448E+02    0.1873924502E+02    0.1934231242E+02    0.1952385681E+02    0.2095503485E+02    0.2158691025E+02    0.2162941048E+02    0.2280271116E+02    0.2379557983E+02    0.2764196991E+02    0.2771125169E+02    0.2785066629E+02    0.2789373481E+02    0.2907803655E+02    0.2926246911E+02    0.2936738250E+02    0.2937596293E+02    0.3080820074E+02    0.3082957977E+02    0.3130155186E+02    0.3133870124E+02
    0.3994709349E+00    0.2910570927E+01    0.3430636577E+01    0.4235650320E+01    0.5546977711E+01    0.6624939666E+01    0.7528439501E+01    0.9516058757E+01    0.1005087919E+02    0.1091684358E+02    0.1142361911E+02    0.1174721673E+02    0.1226597166E+02    0.1247850267E+02    0.1248167286E+02    0.1429933735E+02    0.1436686174E+02    0.1878828024E+02    0.1939091524E+02    0.1955825874E+02    0.2100830218E+02    0.2154413959E+02    0.2159108854E+02    0.2273717745E+02    0.2374994023E+02    0.2767113655E+02    0.2774232857E+02    0.2786765402E+02    0.2791075543E+02    0.2906101554E+02    0.2923327344E+02    0.2934782908E+02    0.2935410756E+02    0.3082685508E+02    0.3084503331E+02    0.3130137518E+02    0.3133929690E+02
    0.4049431395E+00    0.2880142237E+01    0.3474221663E+01    0.4189113475E+01    0.5513184116E+01    0.6710408433E+01    0.7610047141E+01    0.9541797764E+01    0.1005614567E+02    0.1088193260E+02    0.1143102178E+02    0.1169424287E+02    0.1223288049E+02    0.1248357656E+02    0.1252165466E+02    0.1428769323E+02    0.1437072472E+02    0.1883788796E+02    0.1944004517E+02    0.1959276143E+02    0.2106111397E+02    0.2150138177E+02    0.2155272670E+02    0.2267132024E+02    0.2370408361E+02    0.2769999578E+02    0.2777322250E+02    0.2788469501E+02    0.2792803582E+02    0.2904372586E+02    0.2920406393E+02    0.2932823597E+02    0.2933227736E+02    0.3084528616E+02    0.3086036693E+02    0.3130092898E+02    0.3133956966E+02
    0.4104153441E+00    0.2852039149E+01    0.3517661290E+01    0.4142141588E+01    0.5479057041E+01    0.6795794480E+01    0.7691646238E+01    0.9564657633E+01    0.1005939651E+02    0.1084783219E+02    0.1142742515E+02    0.1164313973E+02    0.1219979756E+02    0.1250004475E+02    0.1256217602E+02    0.1427477041E+02    0.1437321715E+02    0.1888803199E+02    0.1948970638E+02    0.1962736783E+02    0.2111311540E+02    0.2145898446E+02    0.2151433330E+02    0.2260516782E+02    0.2365801233E+02    0.2772852706E+02    0.2780392770E+02    0.2790177038E+02    0.2794558240E+02    0.2902616642E+02    0.2917485414E+02    0.2930862191E+02    0.2931050383E+02    0.3086348358E+02    0.3087556662E+02    0.3130020810E+02    0.3133951330E+02
    0.4158875486E+00    0.2826359854E+01    0.3560953535E+01    0.4094792069E+01    0.5444617679E+01    0.6881064782E+01    0.7773217754E+01    0.9584377144E+01    0.1006097924E+02    0.1081457027E+02    0.1141309705E+02    0.1159419612E+02    0.1216673681E+02    0.1252734983E+02    0.1260311178E+02    0.1426058391E+02    0.1437429359E+02    0.1893867599E+02    0.1953990226E+02    0.1966208063E+02    0.2116344198E+02    0.2141780567E+02    0.2147591730E+02    0.2253874909E+02    0.2361172865E+02    0.2775670799E+02    0.2783443865E+02    0.2791885913E+02    0.2796340121E+02    0.2900833616E+02    0.2914565759E+02    0.2928881892E+02    0.2928900872E+02    0.3088143723E+02    0.3089061907E+02    0.3129920759E+02    0.3133912184E+02
    0.4213597532E+00    0.2803194818E+01    0.3604096545E+01    0.4047120899E+01    0.5409884909E+01    0.6966188944E+01    0.7854741832E+01    0.9600681567E+01    0.1006118333E+02    0.1078217465E+02    0.1138899023E+02    0.1154771037E+02    0.1213371240E+02    0.1256423806E+02    0.1264441327E+02    0.1424515007E+02    0.1437390955E+02    0.1898978360E+02    0.1959063522E+02    0.1969690214E+02    0.2120943054E+02    0.2138050266E+02    0.2143748842E+02    0.2247209356E+02    0.2356523476E+02    0.2778451395E+02    0.2786475007E+02    0.2793593782E+02    0.2798149797E+02    0.2899023411E+02    0.2911648770E+02    0.2926726044E+02    0.2926941649E+02    0.3089913728E+02    0.3090551165E+02    0.3129792271E+02    0.3133838955E+02
    0.4268319578E+00    0.2782625803E+01    0.3647088546E+01    0.3999183482E+01    0.5374875534E+01    0.7051138364E+01    0.7936197626E+01    0.9613287812E+01    0.1006024570E+02    0.1075067323E+02    0.1135644321E+02    0.1150398736E+02    0.1210073886E+02    0.1260912337E+02    0.1268603547E+02    0.1422848650E+02    0.1437202149E+02    0.1904131859E+02    0.1964190641E+02    0.1973183423E+02    0.2124094515E+02    0.2135720595E+02    0.2139905753E+02    0.2240523135E+02    0.2351853277E+02    0.2781191787E+02    0.2789485690E+02    0.2795298032E+02    0.2799987799E+02    0.2897185933E+02    0.2908735779E+02    0.2924586293E+02    0.2924987334E+02    0.3091657416E+02    0.3092023237E+02    0.3129634894E+02    0.3133731097E+02
    0.4323041624E+00    0.2764724918E+01    0.3689927845E+01    0.3951035317E+01    0.5339604490E+01    0.7135885555E+01    0.8017563095E+01    0.9621912078E+01    0.1005835581E+02    0.1072009409E+02    0.1131689553E+02    0.1146333208E+02    0.1206783114E+02    0.1266036776E+02    0.1272793491E+02    0.1421061197E+02    0.1436858695E+02    0.1909324498E+02    0.1969371540E+02    0.1976687836E+02    0.2123653356E+02    0.2136062939E+02    0.2136937027E+02    0.2233819318E+02    0.2347162473E+02    0.2783888984E+02    0.2792475433E+02    0.2796995741E+02    0.2801854618E+02    0.2895321099E+02    0.2905828103E+02    0.2922466692E+02    0.2923040690E+02    0.3093373804E+02    0.3093477043E+02    0.3129448199E+02    0.3133588089E+02
    0.4377763670E+00    0.2749553739E+01    0.3732612825E+01    0.3902732552E+01    0.5304085032E+01    0.7220403589E+01    0.8098814765E+01    0.9626280076E+01    0.1005565964E+02    0.1069046576E+02    0.1127170053E+02    0.1142604002E+02    0.1203500475E+02    0.1271646453E+02    0.1277006886E+02    0.1419154628E+02    0.1436356456E+02    0.1914552714E+02    0.1974605977E+02    0.1980203539E+02    0.2120432081E+02    0.2132223508E+02    0.2140884895E+02    0.2227101039E+02    0.2342451263E+02    0.2786539669E+02    0.2795443775E+02    0.2798683637E+02    0.2803750707E+02    0.2893428830E+02    0.2902927049E+02    0.2920371519E+02    0.2921104885E+02    0.3094911126E+02    0.3095062368E+02    0.3129231780E+02    0.3133409436E+02
    0.4432485716E+00    0.2737162517E+01    0.3775141874E+01    0.3854332509E+01    0.5268328897E+01    0.7304665622E+01    0.8179927432E+01    0.9626139536E+01    0.1005226249E+02    0.1066181740E+02    0.1122204078E+02    0.1139238495E+02    0.1200227588E+02    0.1277612011E+02    0.1281239494E+02    0.1417131022E+02    0.1435691418E+02    0.1919812990E+02    0.1979893450E+02    0.1983730565E+02    0.2116313401E+02    0.2128387420E+02    0.2145682733E+02    0.2220371494E+02    0.2337719837E+02    0.2789140162E+02    0.2798390274E+02    0.2800358057E+02    0.2805676474E+02    0.2891509057E+02    0.2900033905E+02    0.2918305399E+02    0.2919183460E+02    0.3096325003E+02    0.3096721700E+02    0.3128985252E+02    0.3133194671E+02
    0.4487207762E+00    0.2727589522E+01    0.3805890754E+01    0.3817516699E+01    0.5232346454E+01    0.7388644476E+01    0.8260873817E+01    0.9621274148E+01    0.1004823004E+02    0.1063417912E+02    0.1116891380E+02    0.1136260514E+02    0.1196966154E+02    0.1283826693E+02    0.1285487111E+02    0.1414992548E+02    0.1434859695E+02    0.1925101863E+02    0.1985233113E+02    0.1987268894E+02    0.2111878681E+02    0.2124556892E+02    0.2150748501E+02    0.2213633942E+02    0.2332968386E+02    0.2791686364E+02    0.2801314506E+02    0.2802014897E+02    0.2807632283E+02    0.2889561716E+02    0.2897149943E+02    0.2916273349E+02    0.2917280381E+02    0.3097717393E+02    0.3098351272E+02    0.3128708258E+02    0.3132943354E+02
    0.4541929807E+00    0.2720860531E+01    0.3757475692E+01    0.3859728057E+01    0.5196146832E+01    0.7472312250E+01    0.8341624136E+01    0.9611517557E+01    0.1004358785E+02    0.1060758239E+02    0.1111315394E+02    0.1133688944E+02    0.1193717972E+02    0.1289745098E+02    0.1290204660E+02    0.1412741461E+02    0.1433857539E+02    0.1930415932E+02    0.1990622733E+02    0.1990819382E+02    0.2107290055E+02    0.2120734066E+02    0.2155919876E+02    0.2206891712E+02    0.2328197093E+02    0.2794173712E+02    0.2803649511E+02    0.2804216110E+02    0.2809618455E+02    0.2887586752E+02    0.2894276415E+02    0.2914280838E+02    0.2915400093E+02    0.3099087393E+02    0.3099950256E+02    0.3128400464E+02    0.3132655075E+02
    0.4596651853E+00    0.2716988487E+01    0.3709142886E+01    0.3901781718E+01    0.5159738040E+01    0.7555639954E+01    0.8422145574E+01    0.9596765575E+01    0.1003831874E+02    0.1058206042E+02    0.1105546823E+02    0.1131536496E+02    0.1190484960E+02    0.1294010186E+02    0.1296675864E+02    0.1410380092E+02    0.1432681351E+02    0.1935751869E+02    0.1994378399E+02    0.1996063901E+02    0.2102605694E+02    0.2116921564E+02    0.2161138587E+02    0.2200148207E+02    0.2323406137E+02    0.2796597118E+02    0.2805256795E+02    0.2807094638E+02    0.2811635263E+02    0.2885584119E+02    0.2891414551E+02    0.2912333837E+02    0.2913547582E+02    0.3100434123E+02    0.3101517888E+02    0.3128061559E+02    0.3132329449E+02
    0.4651373899E+00    0.2715973360E+01    0.3660959138E+01    0.3943674632E+01    0.5123127079E+01    0.7638597147E+01    0.8502401637E+01    0.9576984772E+01    0.1003235798E+02    0.1055764882E+02    0.1099647455E+02    0.1129808853E+02    0.1187269176E+02    0.1298277387E+02    0.1303185793E+02    0.1407910850E+02    0.1431327691E+02    0.1941106419E+02    0.1997949402E+02    0.2001550221E+02    0.2097851205E+02    0.2113122694E+02    0.2166379000E+02    0.2193406913E+02    0.2318595698E+02    0.2798950916E+02    0.2806830913E+02    0.2809949768E+02    0.2813682935E+02    0.2883553776E+02    0.2888565561E+02    0.2910438880E+02    0.2911728438E+02    0.3101756742E+02    0.3103053438E+02    0.3127691261E+02    0.3131966123E+02
    0.4706095945E+00    0.2717802193E+01    0.3612991898E+01    0.3985405743E+01    0.5086320035E+01    0.7721151568E+01    0.8582351346E+01    0.9552215945E+01    0.1002558579E+02    0.1053438630E+02    0.1093673824E+02    0.1128504303E+02    0.1184072844E+02    0.1302542681E+02    0.1309689886E+02    0.1405336212E+02    0.1429793289E+02    0.1946476408E+02    0.2001530484E+02    0.2007079424E+02    0.2093039691E+02    0.2109341768E+02    0.2171628056E+02    0.2186671419E+02    0.2313765952E+02    0.2801228806E+02    0.2808365381E+02    0.2812781151E+02    0.2815761650E+02    0.2881495694E+02    0.2885730627E+02    0.2908603117E+02    0.2909948922E+02    0.3103054457E+02    0.3104556210E+02    0.3127289311E+02    0.3131564771E+02
    0.4760817991E+00    0.2722449356E+01    0.3565311291E+01    0.4026974146E+01    0.5049322173E+01    0.7803268750E+01    0.8661948216E+01    0.9522571833E+01    0.1001781696E+02    0.1051231559E+02    0.1087680595E+02    0.1127613968E+02    0.1180898379E+02    0.1306801878E+02    0.1316152314E+02    0.1402658725E+02    0.1428075057E+02    0.1951858748E+02    0.2005121064E+02    0.2012646126E+02    0.2088178696E+02    0.2105584619E+02    0.2176878201E+02    0.2179945567E+02    0.2308917072E+02    0.2803423802E+02    0.2809852950E+02    0.2815588458E+02    0.2817871537E+02    0.2879409851E+02    0.2882910907E+02    0.2906834366E+02    0.2908216035E+02    0.3104326516E+02    0.3106025543E+02    0.3126855480E+02    0.3131125099E+02
    0.4815540037E+00    0.2729876991E+01    0.3517990321E+01    0.4068379050E+01    0.5012138019E+01    0.7884911605E+01    0.8741138981E+01    0.9488229446E+01    0.1000878753E+02    0.1049148470E+02    0.1081723746E+02    0.1127122557E+02    0.1177748426E+02    0.1311050804E+02    0.1322543965E+02    0.1399881002E+02    0.1426170106E+02    0.1957250441E+02    0.2008720333E+02    0.2018242488E+02    0.2083273014E+02    0.2101859446E+02    0.2173232566E+02    0.2182125485E+02    0.2304049236E+02    0.2805528196E+02    0.2811285548E+02    0.2818371378E+02    0.2820012677E+02    0.2877296233E+02    0.2880107529E+02    0.2905141150E+02    0.2906537580E+02    0.3105572211E+02    0.3107460806E+02    0.3126389562E+02    0.3130646840E+02
    0.4870262083E+00    0.2740035638E+01    0.3471105019E+01    0.4109619774E+01    0.4974771433E+01    0.7966039977E+01    0.8819861956E+01    0.9449418283E+01    0.9998139410E+01    0.1047194839E+02    0.1075863527E+02    0.1127009533E+02    0.1174625894E+02    0.1315285307E+02    0.1328841011E+02    0.1397005720E+02    0.1424075753E+02    0.1962648579E+02    0.2012327230E+02    0.2023856699E+02    0.2078325975E+02    0.2098178298E+02    0.2166537269E+02    0.2187366054E+02    0.2299162617E+02    0.2807533538E+02    0.2812654231E+02    0.2821129615E+02    0.2822185103E+02    0.2875154836E+02    0.2877321593E+02    0.2903532719E+02    0.2904922206E+02    0.3106790875E+02    0.3108861405E+02    0.3125891383E+02    0.3130129760E+02
    0.4924984129E+00    0.2752865012E+01    0.3424734560E+01    0.4150695735E+01    0.4937225685E+01    0.8046610145E+01    0.8898044953E+01    0.9406406265E+01    0.9985405488E+01    0.1045377020E+02    0.1070167032E+02    0.1127250515E+02    0.1171534000E+02    0.1319501267E+02    0.1335023825E+02    0.1394035619E+02    0.1421789543E+02    0.1968050349E+02    0.2015940372E+02    0.2029470248E+02    0.2073340087E+02    0.2094559792E+02    0.2159863587E+02    0.2192598152E+02    0.2294257394E+02    0.2809430647E+02    0.2813949152E+02    0.2823862889E+02    0.2824388794E+02    0.2872985664E+02    0.2874554169E+02    0.2902019035E+02    0.2903379445E+02    0.3107981881E+02    0.3110226780E+02    0.3125360794E+02    0.3129573655E+02
    0.4979706174E+00    0.2768294919E+01    0.3378961351E+01    0.4191606451E+01    0.4899503513E+01    0.8126574267E+01    0.8975602595E+01    0.9359485251E+01    0.9970001278E+01    0.1043702500E+02    0.1064709874E+02    0.1127818715E+02    0.1168476323E+02    0.1323694600E+02    0.1341076146E+02    0.1390973502E+02    0.1419309264E+02    0.1973453034E+02    0.2019557952E+02    0.2035052643E+02    0.2068317381E+02    0.2091034388E+02    0.2153216183E+02    0.2197820187E+02    0.2289333748E+02    0.2811209672E+02    0.2815159569E+02    0.2826570885E+02    0.2826623729E+02    0.2870788730E+02    0.2871806295E+02    0.2900610715E+02    0.2901919701E+02    0.3109144645E+02    0.3111556401E+02    0.3124797674E+02    0.3128978352E+02
    0.5034428220E+00    0.2786246270E+01    0.3333871087E+01    0.4232351530E+01    0.4861607191E+01    0.8205879762E+01    0.9052432843E+01    0.9308957694E+01    0.9951233577E+01    0.1042180236E+02    0.1059575955E+02    0.1128686262E+02    0.1165456858E+02    0.1327861265E+02    0.1346984438E+02    0.1387822233E+02    0.1416632962E+02    0.1978854012E+02    0.2023177582E+02    0.2040550491E+02    0.2063259612E+02    0.2087655304E+02    0.2146600200E+02    0.2203030951E+02    0.2284391861E+02    0.2812860200E+02    0.2816273895E+02    0.2828889607E+02    0.2829253531E+02    0.2868564046E+02    0.2869078985E+02    0.2899318918E+02    0.2900554200E+02    0.3110278617E+02    0.3112849777E+02    0.3124201934E+02    0.3128343709E+02
    0.5089150266E+00    0.2806632167E+01    0.3289552774E+01    0.4272930666E+01    0.4823538579E+01    0.8284468602E+01    0.9128412513E+01    0.9255125433E+01    0.9928340911E+01    0.1040821086E+02    0.1054853908E+02    0.1129825321E+02    0.1162480087E+02    0.1331997269E+02    0.1352737400E+02    0.1384584741E+02    0.1413758964E+02    0.1984250760E+02    0.2026796053E+02    0.2045863441E+02    0.2058168380E+02    0.2084522561E+02    0.2140021506E+02    0.2208229489E+02    0.2279431925E+02    0.2814371456E+02    0.2817279821E+02    0.2831186454E+02    0.2831910387E+02    0.2866311271E+02    0.2866373585E+02    0.2898155149E+02    0.2899294871E+02    0.3111383289E+02    0.3114106447E+02    0.3123573511E+02    0.3127669618E+02
    0.5143872312E+00    0.2829359031E+01    0.3246098707E+01    0.4313343627E+01    0.4785299180E+01    0.8362276525E+01    0.9198280355E+01    0.9203392219E+01    0.9900577873E+01    0.1039638375E+02    0.1050629053E+02    0.1131208940E+02    0.1159551050E+02    0.1336098669E+02    0.1358325583E+02    0.1381264015E+02    0.1410685898E+02    0.1989640849E+02    0.2030408966E+02    0.2050789252E+02    0.2053045342E+02    0.2081837782E+02    0.2133487061E+02    0.2213415020E+02    0.2274454135E+02    0.2815732581E+02    0.2818164513E+02    0.2833513960E+02    0.2834541305E+02    0.2863689637E+02    0.2864031843E+02    0.2897130978E+02    0.2898154141E+02    0.3112458190E+02    0.3115325987E+02    0.3122912375E+02    0.3126955999E+02
    0.5198594358E+00    0.2854327732E+01    0.3203604406E+01    0.4353590248E+01    0.4746890184E+01    0.8439232132E+01    0.9138701827E+01    0.9277185495E+01    0.9867338492E+01    0.1038648615E+02    0.1046971353E+02    0.1132811656E+02    0.1156675439E+02    0.1340161579E+02    0.1363741090E+02    0.1377863109E+02    0.1407412716E+02    0.1995021949E+02    0.2034010120E+02    0.2047891368E+02    0.2054912380E+02    0.2080016494E+02    0.2127005519E+02    0.2218586888E+02    0.2269458697E+02    0.2816933005E+02    0.2818914915E+02    0.2835871844E+02    0.2837146060E+02    0.2861029650E+02    0.2861724219E+02    0.2896257669E+02    0.2897144640E+02    0.3113502886E+02    0.3116508004E+02    0.3122218525E+02    0.3126202809E+02
    0.5253316404E+00    0.2881434713E+01    0.3162168497E+01    0.4393670413E+01    0.4708312519E+01    0.8515255878E+01    0.9076646194E+01    0.9349566264E+01    0.9828283378E+01    0.1037872414E+02    0.1043922936E+02    0.1134609858E+02    0.1153859694E+02    0.1344182168E+02    0.1368977343E+02    0.1374385142E+02    0.1403938724E+02    0.2000391821E+02    0.2037590440E+02    0.2042708759E+02    0.2057509511E+02    0.2079780460E+02    0.2120588249E+02    0.2223744532E+02    0.2264445826E+02    0.2817962913E+02    0.2819518148E+02    0.2838259759E+02    0.2839724424E+02    0.2858393859E+02    0.2859389126E+02    0.2895545711E+02    0.2896278798E+02    0.3114516979E+02    0.3117652142E+02    0.3121491991E+02    0.3125410033E+02
    0.5308038450E+00    0.2910573060E+01    0.3121892536E+01    0.4433584039E+01    0.4669566897E+01    0.8590258925E+01    0.9012351467E+01    0.9420250963E+01    0.9783414294E+01    0.1037335579E+02    0.1041490821E+02    0.1136581976E+02    0.1151111114E+02    0.1348156667E+02    0.1370833295E+02    0.1374028890E+02    0.1400263605E+02    0.2005748316E+02    0.2037498197E+02    0.2041136737E+02    0.2057980669E+02    0.2081729060E+02    0.2114251144E+02    0.2228887455E+02    0.2259415755E+02    0.2818813768E+02    0.2819962000E+02    0.2840677282E+02    0.2842276130E+02    0.2855783179E+02    0.2857026663E+02    0.2895004295E+02    0.2895568355E+02    0.3115500105E+02    0.3118758076E+02    0.3120732835E+02    0.3124577692E+02
    0.5362760496E+00    0.2941633520E+01    0.3082880770E+01    0.4473331038E+01    0.4630653869E+01    0.8664141879E+01    0.8946033613E+01    0.9488888919E+01    0.9733057643E+01    0.1037070370E+02    0.1039648726E+02    0.1138708524E+02    0.1148437988E+02    0.1352081357E+02    0.1367210829E+02    0.1378891256E+02    0.1396387459E+02    0.2011089363E+02    0.2032262127E+02    0.2044626420E+02    0.2056630764E+02    0.2085556271E+02    0.2108018029E+02    0.2234015199E+02    0.2254368751E+02    0.2819478856E+02    0.2820235490E+02    0.2843123858E+02    0.2844800708E+02    0.2853198676E+02    0.2854637036E+02    0.2894640772E+02    0.2895023806E+02    0.3116451936E+02    0.3119825387E+02    0.3119941285E+02    0.3123705840E+02
    0.5417482541E+00    0.2974505397E+01    0.3045239855E+01    0.4512911149E+01    0.4591574017E+01    0.8736793370E+01    0.8877887649E+01    0.9555049038E+01    0.9677769224E+01    0.1037116714E+02    0.1038346734E+02    0.1140972053E+02    0.1145849732E+02    0.1355952540E+02    0.1363521113E+02    0.1383560820E+02    0.1392310840E+02    0.2016412893E+02    0.2027001675E+02    0.2048023433E+02    0.2054219300E+02    0.2090501349E+02    0.2101927495E+02    0.2239127230E+02    0.2249305215E+02    0.2819953778E+02    0.2820329433E+02    0.2845598499E+02    0.2847295878E+02    0.2850643191E+02    0.2852220852E+02    0.2894460143E+02    0.2894653831E+02    0.3117372164E+02    0.3119117053E+02    0.3120854244E+02    0.3122794564E+02
