    0.0000000000E+00   -0.5514943780E-01   -0.4817195660E-01   -0.4817195043E-01    0.2692232362E+02    0.2692232362E+02    0.3229759689E+02    0.3229759689E+02    0.4518297466E+02    0.4550451025E+02
    0.1081087962E-01    0.7367749452E-01    0.2141845343E+00    0.3499765237E+00    0.2692311939E+02    0.2692696527E+02    0.3229781066E+02    0.3229883030E+02    0.4518102644E+02    0.4550378553E+02
    0.2162175923E-01    0.1759394913E+00    0.4362134673E+00    0.7041025683E+00    0.2692550595E+02    0.2694087726E+02    0.3229845424E+02    0.3230253033E+02    0.4517518649E+02    0.4550161161E+02
    0.3243263885E-01    0.2718324126E+00    0.6560206147E+00    0.1055512205E+01    0.2692948110E+02    0.2696402092E+02    0.3229953437E+02    0.3230869635E+02    0.4516546881E+02    0.4549798920E+02
    0.4324351846E-01    0.3671947016E+00    0.8747701003E+00    0.1404234307E+01    0.2693504135E+02    0.2699633259E+02    0.3230106218E+02    0.3231732732E+02    0.4515189645E+02    0.4549291979E+02
    0.5405439808E-01    0.4632408434E+00    0.1092525560E+01    0.1749632661E+01    0.2694218213E+02    0.2703772475E+02    0.3230305302E+02    0.3232842180E+02    0.4513450103E+02    0.4548640590E+02
    0.6486527769E-01    0.5605529925E+00    0.1309172114E+01    0.2090963705E+01    0.2695089813E+02    0.2708808755E+02    0.3230552626E+02    0.3234197796E+02    0.4511332230E+02    0.4547845144E+02
    0.7567615731E-01    0.6595310799E+00    0.1524544735E+01    0.2427456141E+01    0.2696118371E+02    0.2714729075E+02    0.3230850501E+02    0.3235799360E+02    0.4508840758E+02    0.4546906206E+02
    0.8648703692E-01    0.7604971516E+00    0.1738460314E+01    0.2758331550E+01    0.2697303334E+02    0.2721518588E+02    0.3231201579E+02    0.3237646617E+02    0.4505981133E+02    0.4545824535E+02
    0.9729791654E-01    0.8637279962E+00    0.1950728581E+01    0.3082812072E+01    0.2698644209E+02    0.2729160870E+02    0.3231608815E+02    0.3239739278E+02    0.4502759476E+02    0.4544601101E+02
    0.1081087962E+00    0.9694671071E+00    0.2161156776E+01    0.3400124326E+01    0.2700140619E+02    0.2737638169E+02    0.3232075428E+02    0.3242077024E+02    0.4499182545E+02    0.4543237090E+02
    0.1189196758E+00    0.1077929440E+01    0.2369552107E+01    0.3709502128E+01    0.2701792352E+02    0.2746931676E+02    0.3232604853E+02    0.3244659506E+02    0.4495257713E+02    0.4541733898E+02
    0.1297305554E+00    0.1189303356E+01    0.2575723361E+01    0.4010188837E+01    0.2703599418E+02    0.2757021782E+02    0.3233200694E+02    0.3247486346E+02    0.4490992941E+02    0.4540093124E+02
    0.1405414350E+00    0.1303751414E+01    0.2779482185E+01    0.4301439695E+01    0.2705562091E+02    0.2767888328E+02    0.3233866677E+02    0.3250557140E+02    0.4486396762E+02    0.4538316557E+02
    0.1513523146E+00    0.1421410689E+01    0.2980644244E+01    0.4582524313E+01    0.2707680958E+02    0.2779510836E+02    0.3234606596E+02    0.3253871459E+02    0.4481478256E+02    0.4536406157E+02
    0.1621631942E+00    0.1542392934E+01    0.3179030380E+01    0.4852729399E+01    0.2709956950E+02    0.2791868715E+02    0.3235424263E+02    0.3257428849E+02    0.4476247039E+02    0.4534364039E+02
    0.1729740738E+00    0.1666784711E+01    0.3374467805E+01    0.5111361759E+01    0.2712391370E+02    0.2804941436E+02    0.3236323456E+02    0.3261228831E+02    0.4470713238E+02    0.4532192459E+02
    0.1837849535E+00    0.1794647553E+01    0.3566791354E+01    0.5357751615E+01    0.2714985907E+02    0.2818708661E+02    0.3237307874E+02    0.3265270901E+02    0.4464887472E+02    0.4529893798E+02
    0.1945958331E+00    0.1926018180E+01    0.3755844797E+01    0.5591256247E+01    0.2717742640E+02    0.2833150344E+02    0.3238381083E+02    0.3269554532E+02    0.4458780833E+02    0.4527470547E+02
    0.2054067127E+00    0.2060908752E+01    0.3941482220E+01    0.5811263959E+01    0.2720664022E+02    0.2848246771E+02    0.3239546473E+02    0.3274079173E+02    0.4452404863E+02    0.4524925300E+02
    0.2162175923E+00    0.2199307165E+01    0.4123569449E+01    0.6017198368E+01    0.2723752862E+02    0.2863978566E+02    0.3240807220E+02    0.3278844251E+02    0.4445771531E+02    0.4522260740E+02
    0.2270284719E+00    0.2341177350E+01    0.4301985510E+01    0.6208522994E+01    0.2727012282E+02    0.2880326652E+02    0.3242166243E+02    0.3283849174E+02    0.4438893210E+02    0.4519479637E+02
    0.2378393515E+00    0.2486459556E+01    0.4476624106E+01    0.6384746150E+01    0.2730445660E+02    0.2897272157E+02    0.3243626171E+02    0.3289093334E+02    0.4431782655E+02    0.4516584839E+02
    0.2486502311E+00    0.2635070574E+01    0.4647395081E+01    0.6545426091E+01    0.2734056570E+02    0.2914796295E+02    0.3245189315E+02    0.3294576120E+02    0.4424452977E+02    0.4513579273E+02
    0.2594611108E+00    0.2786903854E+01    0.4814225858E+01    0.6690176442E+01    0.2737848694E+02    0.2932880204E+02    0.3246857639E+02    0.3300296930E+02    0.4416917617E+02    0.4510465946E+02
    0.2702719904E+00    0.2941829445E+01    0.4977062807E+01    0.6818671890E+01    0.2741825734E+02    0.2951504749E+02    0.3248632744E+02    0.3306255191E+02    0.4409190328E+02    0.4507247941E+02
    0.2810828700E+00    0.3099693674E+01    0.5135872526E+01    0.6930654176E+01    0.2745991314E+02    0.2970650307E+02    0.3250515847E+02    0.3312450395E+02    0.4401285139E+02    0.4503928429E+02
    0.2918937496E+00    0.3260318406E+01    0.5290642997E+01    0.7025938488E+01    0.2750348866E+02    0.2990296525E+02    0.3252507770E+02    0.3318882145E+02    0.4393216338E+02    0.4500510668E+02
    0.3027046292E+00    0.3423499712E+01    0.5441384586E+01    0.7104420389E+01    0.2754901521E+02    0.3010422063E+02    0.3254608932E+02    0.3325550217E+02    0.4384998440E+02    0.4496998016E+02
    0.3135155088E+00    0.3589005631E+01    0.5588130855E+01    0.7166083564E+01    0.2759651990E+02    0.3031004310E+02    0.3256819345E+02    0.3332454658E+02    0.4376646162E+02    0.4493393937E+02
    0.3243263885E+00    0.3756572571E+01    0.5730939158E+01    0.7211008832E+01    0.2764602453E+02    0.3052019088E+02    0.3259138610E+02    0.3339595916E+02    0.4368174390E+02    0.4489702012E+02
    0.3351372681E+00    0.3925899608E+01    0.5869890985E+01    0.7239385167E+01    0.2769754442E+02    0.3073440322E+02    0.3261565920E+02    0.3346975013E+02    0.4359598152E+02    0.4485925952E+02
    0.3459481477E+00    0.4096639534E+01    0.6005092032E+01    0.7251523944E+01    0.2775108740E+02    0.3095239671E+02    0.3264100063E+02    0.3354593797E+02    0.4350932587E+02    0.4482069604E+02
    0.3567590273E+00    0.4268384656E+01    0.6136671973E+01    0.7247878434E+01    0.2780665278E+02    0.3117386089E+02    0.3266739429E+02    0.3362455281E+02    0.4342192911E+02    0.4478136968E+02
    0.3675699069E+00    0.4440644019E+01    0.6264783907E+01    0.7229072014E+01    0.2786423053E+02    0.3139845286E+02    0.3269482016E+02    0.3370564115E+02    0.4333394382E+02    0.4474132207E+02
    0.3783807865E+00    0.4612806074E+01    0.6389603486E+01    0.7195941164E+01    0.2792380050E+02    0.3162579042E+02    0.3272325437E+02    0.3378927242E+02    0.4324552272E+02    0.4470059649E+02
    0.3891916661E+00    0.4784075930E+01    0.6511327683E+01    0.7149604288E+01    0.2798533188E+02    0.3185544278E+02    0.3275266930E+02    0.3387554816E+02    0.4315681827E+02    0.4465923804E+02
    0.4000025458E+00    0.4953366638E+01    0.6630173235E+01    0.7091577086E+01    0.2804878270E+02    0.3208691787E+02    0.3278303370E+02    0.3396461491E+02    0.4306798236E+02    0.4461729363E+02
    0.4108134254E+00    0.5119104832E+01    0.6746374736E+01    0.7023974375E+01    0.2811409968E+02    0.3231964452E+02    0.3281431273E+02    0.3405668252E+02    0.4297916598E+02    0.4457481201E+02
    0.4216243050E+00    0.5278873814E+01    0.6860182416E+01    0.6949875473E+01    0.2818121804E+02    0.3255294727E+02    0.3284646810E+02    0.3415204999E+02    0.4289051891E+02    0.4453184377E+02
    0.4324351846E+00    0.5428754179E+01    0.6873993285E+01    0.6971859606E+01    0.2825006174E+02    0.3278601071E+02    0.3287945814E+02    0.3425114190E+02    0.4280218944E+02    0.4448844127E+02
    0.4432460642E+00    0.5562175863E+01    0.6803833434E+01    0.7081679940E+01    0.2832054367E+02    0.3291323787E+02    0.3301783014E+02    0.3435455875E+02    0.4271432411E+02    0.4444465859E+02
    0.4540569438E+00    0.5668414604E+01    0.6751210547E+01    0.7189924316E+01    0.2839256618E+02    0.3294775910E+02    0.3324714658E+02    0.3446314293E+02    0.4262706754E+02    0.4440055133E+02
    0.4648678235E+00    0.5732730924E+01    0.6732123672E+01    0.7296877657E+01    0.2846602170E+02    0.3298297048E+02    0.3347237061E+02    0.3457805598E+02    0.4254056229E+02    0.4435617650E+02
    0.4756787031E+00    0.5743030573E+01    0.6760111688E+01    0.7402825545E+01    0.2854079351E+02    0.3301881759E+02    0.3369151817E+02    0.3470084374E+02    0.4245494881E+02    0.4431159223E+02
    0.4864895827E+00    0.5700573403E+01    0.6835561251E+01    0.7508050746E+01    0.2861675670E+02    0.3305524298E+02    0.3390222025E+02    0.3483342780E+02    0.4237036550E+02    0.4426685757E+02
    0.4973004623E+00    0.5618969389E+01    0.6946727562E+01    0.7612829728E+01    0.2869377921E+02    0.3309218623E+02    0.3410191866E+02    0.3497791054E+02    0.4228694891E+02    0.4422203216E+02
    0.5081113419E+00    0.5513546684E+01    0.7080381326E+01    0.7717429199E+01    0.2877172295E+02    0.3312958404E+02    0.3428835223E+02    0.3513608981E+02    0.4220483403E+02    0.4417717590E+02
    0.5189222215E+00    0.5396001630E+01    0.7227169209E+01    0.7822102748E+01    0.2885044503E+02    0.3316737024E+02    0.3446024390E+02    0.3530877245E+02    0.4212415481E+02    0.4413234859E+02
    0.5297331011E+00    0.5274626592E+01    0.7381387901E+01    0.7927087644E+01    0.2892979907E+02    0.3320547594E+02    0.3461778069E+02    0.3549529477E+02    0.4204504489E+02    0.4408760956E+02
    0.5405439808E+00    0.5155656257E+01    0.7539625648E+01    0.8032601853E+01    0.2900963645E+02    0.3324382954E+02    0.3476248363E+02    0.3569365284E+02    0.4196763855E+02    0.4404301726E+02
    0.5513548604E+00    0.5044219484E+01    0.7699777452E+01    0.8138841326E+01    0.2908980764E+02    0.3328235691E+02    0.3489657437E+02    0.3590113578E+02    0.4189207204E+02    0.4399862892E+02
    0.5621657400E+00    0.4944841612E+01    0.7860481805E+01    0.8245977612E+01    0.2917016351E+02    0.3332098146E+02    0.3502231685E+02    0.3611498353E+02    0.4181848521E+02    0.4395450010E+02
    0.5729766196E+00    0.4861657057E+01    0.8020813148E+01    0.8354155821E+01    0.2925055654E+02    0.3335962435E+02    0.3514164113E+02    0.3633276219E+02    0.4174702372E+02    0.4391068438E+02
    0.5837874992E+00    0.4798447996E+01    0.8180112098E+01    0.8463492995E+01    0.2933084205E+02    0.3339820467E+02    0.3525603940E+02    0.3655246633E+02    0.4167784172E+02    0.4386723304E+02
    0.5945983788E+00    0.4758578627E+01    0.8337888910E+01    0.8574076871E+01    0.2941087928E+02    0.3343663969E+02    0.3536660587E+02    0.3677247692E+02    0.4161110539E+02    0.4382419468E+02
    0.6054092584E+00    0.4744873023E+01    0.8493766585E+01    0.8685965088E+01    0.2949053238E+02    0.3347484515E+02    0.3547412096E+02    0.3699147388E+02    0.4154699730E+02    0.4378161508E+02
    0.6162201381E+00    0.4759477880E+01    0.8647446134E+01    0.8799184805E+01    0.2956967134E+02    0.3351273558E+02    0.3557913328E+02    0.3720834978E+02    0.4148572198E+02    0.4373953692E+02
    0.6270310177E+00    0.4803748414E+01    0.8798684613E+01    0.8913732741E+01    0.2964817273E+02    0.3355022471E+02    0.3568202512E+02    0.3742213847E+02    0.4142751296E+02    0.4369799968E+02
    0.6378418973E+00    0.4878188496E+01    0.8947280775E+01    0.9029575610E+01    0.2972592031E+02    0.3358722591E+02    0.3578306086E+02    0.3763195909E+02    0.4137264150E+02    0.4365703955E+02
    0.6486527769E+00    0.4982462200E+01    0.9093065407E+01    0.9146650936E+01    0.2980280552E+02    0.3362365265E+02    0.3588242150E+02    0.3783697180E+02    0.4132142749E+02    0.4361668942E+02
    0.6594636565E+00    0.5115475948E+01    0.9235894629E+01    0.9264868197E+01    0.2987872782E+02    0.3365941909E+02    0.3598022901E+02    0.3803634118E+02    0.4127425283E+02    0.4357697898E+02
    0.6702745361E+00    0.5275514284E+01    0.9375645133E+01    0.9384110282E+01    0.2995359484E+02    0.3369444063E+02    0.3607656352E+02    0.3822920437E+02    0.4123157716E+02    0.4353793474E+02
    0.6810854158E+00    0.5460403257E+01    0.9504235204E+01    0.9512210718E+01    0.3002732245E+02    0.3372863456E+02    0.3617147545E+02    0.3841464211E+02    0.4119395572E+02    0.4349958031E+02
    0.6918962954E+00    0.5667675244E+01    0.9625078035E+01    0.9645499740E+01    0.3009983458E+02    0.3376192067E+02    0.3626499418E+02    0.3859165290E+02    0.4116205754E+02    0.4346193658E+02
    0.7027071750E+00    0.5894715350E+01    0.9746453015E+01    0.9775433211E+01    0.3017106307E+02    0.3379422198E+02    0.3635713420E+02    0.3875913294E+02    0.4113668020E+02    0.4342502200E+02
    0.7135180546E+00    0.6138878504E+01    0.9868155790E+01    0.9901943397E+01    0.3024094721E+02    0.3382546539E+02    0.3644789962E+02    0.3891586854E+02    0.4111875390E+02    0.4338885294E+02
    0.7243289342E+00    0.6397574458E+01    0.9989965740E+01    0.1002497282E+02    0.3030943331E+02    0.3385558238E+02    0.3653728728E+02    0.3906055259E+02    0.4110932252E+02    0.4335344399E+02
    0.7351398138E+00    0.6668323367E+01    0.1011164836E+02    0.1014447358E+02    0.3037647407E+02    0.3388450967E+02    0.3662528911E+02    0.3919184154E+02    0.4110948513E+02    0.4331880837E+02
    0.7459506934E+00    0.6948787410E+01    0.1023295763E+02    0.1026040706E+02    0.3044202797E+02    0.3391218993E+02    0.3671189364E+02    0.3930846891E+02    0.4112028154E+02    0.4328495827E+02
    0.7567615731E+00    0.7236784507E+01    0.1035363843E+02    0.1037274388E+02    0.3050605848E+02    0.3393857231E+02    0.3679708713E+02    0.3940941823E+02    0.4114251875E+02    0.4325190530E+02
    0.7675724527E+00    0.7530289636E+01    0.1047342879E+02    0.1048146430E+02    0.3056853331E+02    0.3396361313E+02    0.3688085422E+02    0.3949412782E+02    0.4117656604E+02    0.4321966077E+02
    0.7783833323E+00    0.7827428108E+01    0.1058655909E+02    0.1059206219E+02    0.3062942355E+02    0.3398727628E+02    0.3696317829E+02    0.3956266202E+02    0.4122218371E+02    0.4318823612E+02
    0.7891942119E+00    0.8126463922E+01    0.1068803099E+02    0.1070926964E+02    0.3068870285E+02    0.3400953379E+02    0.3704404158E+02    0.3961577087E+02    0.4127846349E+02    0.4315764320E+02
    0.8000050915E+00    0.8425785199E+01    0.1078589722E+02    0.1082478175E+02    0.3074634658E+02    0.3403036614E+02    0.3712342510E+02    0.3965479918E+02    0.4134391980E+02    0.4312789456E+02
    0.8108159711E+00    0.8723887660E+01    0.1088019337E+02    0.1093833060E+02    0.3080233095E+02    0.3404976261E+02    0.3720130835E+02    0.3968147789E+02    0.4141669865E+02    0.4309900368E+02
    0.8216268508E+00    0.9019356137E+01    0.1097097970E+02    0.1104965147E+02    0.3085663226E+02    0.3406772147E+02    0.3727766890E+02    0.3969768053E+02    0.4149482156E+02    0.4307098521E+02
    0.8324377304E+00    0.9310842972E+01    0.1105835149E+02    0.1115848446E+02    0.3090922608E+02    0.3408425015E+02    0.3735248182E+02    0.3970522128E+02    0.4157638789E+02    0.4304385505E+02
    0.8432486100E+00    0.9597040341E+01    0.1114245658E+02    0.1126457589E+02    0.3096008659E+02    0.3409936522E+02    0.3742571898E+02    0.3970572943E+02    0.4165970077E+02    0.4301763048E+02
    0.8540594896E+00    0.9876640322E+01    0.1122352642E+02    0.1136767957E+02    0.3100918590E+02    0.3411309235E+02    0.3749734824E+02    0.3970059612E+02    0.4174332084E+02    0.4299233021E+02
    0.8648703692E+00    0.1014826946E+02    0.1130193384E+02    0.1146755794E+02    0.3105649354E+02    0.3412546616E+02    0.3756733238E+02    0.3969097112E+02    0.4182606994E+02    0.4296797428E+02
    0.8756812488E+00    0.1041036866E+02    0.1137830656E+02    0.1156398300E+02    0.3110197597E+02    0.3413652987E+02    0.3763562801E+02    0.3967778667E+02    0.4190700779E+02    0.4294458410E+02
    0.8864921284E+00    0.1066095109E+02    0.1145376378E+02    0.1165673708E+02    0.3114559623E+02    0.3414633496E+02    0.3770218415E+02    0.3966179211E+02    0.4198539801E+02    0.4292218222E+02
    0.8973030081E+00    0.1089708191E+02    0.1153043175E+02    0.1174561352E+02    0.3118731376E+02    0.3415494063E+02    0.3776694064E+02    0.3964358979E+02    0.4206067301E+02    0.4290079225E+02
    0.9081138877E+00    0.1111377755E+02    0.1161254064E+02    0.1183041715E+02    0.3122708426E+02    0.3416241320E+02    0.3782982620E+02    0.3962366797E+02    0.4213240203E+02    0.4288043859E+02
    0.9189247673E+00    0.1130233789E+02    0.1170808918E+02    0.1191096466E+02    0.3126485973E+02    0.3416882530E+02    0.3789075616E+02    0.3960242929E+02    0.4220026401E+02    0.4286114619E+02
    0.9297356469E+00    0.1145172790E+02    0.1182746041E+02    0.1198708484E+02    0.3130058872E+02    0.3417425506E+02    0.3794962974E+02    0.3958021474E+02    0.4226402515E+02    0.4284294029E+02
    0.9405465265E+00    0.1155968870E+02    0.1197230847E+02    0.1205861871E+02    0.3133421662E+02    0.3417878508E+02    0.3800632683E+02    0.3955732395E+02    0.4232352079E+02    0.4282584605E+02
    0.9513574061E+00    0.1163749144E+02    0.1212541954E+02    0.1213080306E+02    0.3136568617E+02    0.3418250130E+02    0.3806070417E+02    0.3953403241E+02    0.4237864078E+02    0.4280988817E+02
    0.9621682857E+00    0.1169723991E+02    0.1218735284E+02    0.1229032550E+02    0.3139493813E+02    0.3418549184E+02    0.3811259098E+02    0.3951060651E+02    0.4242931766E+02    0.4279509049E+02
    0.9729791654E+00    0.1174586011E+02    0.1224429617E+02    0.1244347807E+02    0.3142191208E+02    0.3418784558E+02    0.3816178400E+02    0.3948731686E+02    0.4247551722E+02    0.4278147544E+02
    0.9837900450E+00    0.1178675510E+02    0.1229613901E+02    0.1258642838E+02    0.3144654731E+02    0.3418965081E+02    0.3820804230E+02    0.3946445016E+02    0.4251723083E+02    0.4276906333E+02
    0.9946009246E+00    0.1182163617E+02    0.1234278249E+02    0.1271707766E+02    0.3146878389E+02    0.3419099374E+02    0.3825108231E+02    0.3944231947E+02    0.4255446954E+02    0.4275787148E+02
    0.1005411804E+01    0.1185142469E+02    0.1238413916E+02    0.1283415835E+02    0.3148856379E+02    0.3419195694E+02    0.3829057405E+02    0.3942127217E+02    0.4258725964E+02    0.4274791274E+02
    0.1016222684E+01    0.1187665290E+02    0.1242013271E+02    0.1293683314E+02    0.3150583205E+02    0.3419261784E+02    0.3832614029E+02    0.3940169427E+02    0.4261564016E+02    0.4273919315E+02
    0.1027033563E+01    0.1189764721E+02    0.1245069768E+02    0.1302451139E+02    0.3152053798E+02    0.3419304722E+02    0.3835736095E+02    0.3938400870E+02    0.4263966263E+02    0.4273170809E+02
    0.1037844443E+01    0.1191461707E+02    0.1247577921E+02    0.1309676014E+02    0.3153263633E+02    0.3419330776E+02    0.3838378564E+02    0.3936866496E+02    0.4265939411E+02    0.4272543574E+02
    0.1048655323E+01    0.1192770063E+02    0.1249533278E+02    0.1315325845E+02    0.3154208837E+02    0.3419345274E+02    0.3840495720E+02    0.3935611731E+02    0.4267492219E+02    0.4272032932E+02
    0.1059466202E+01    0.1193698917E+02    0.1250932402E+02    0.1319377280E+02    0.3154886288E+02    0.3419352492E+02    0.3842044706E+02    0.3934679075E+02    0.4268634496E+02    0.4271632479E+02
    0.1070277082E+01    0.1194254081E+02    0.1251772850E+02    0.1321814353E+02    0.3155293692E+02    0.3419355553E+02    0.3842989975E+02    0.3934103753E+02    0.4269365006E+02    0.4271346006E+02
    0.1081087962E+01    0.1194438788E+02    0.1252053161E+02    0.1322627735E+02    0.3155429651E+02    0.3419356360E+02    0.3843307843E+02    0.3933909228E+02    0.4269630174E+02    0.4271228672E+02
    0.1091898841E+01    0.1194254081E+02    0.1251772850E+02    0.1321814353E+02    0.3155293692E+02    0.3419355553E+02    0.3842989975E+02    0.3934103753E+02    0.4269365006E+02    0.4271346006E+02
    0.1102709721E+01    0.1193698917E+02    0.1250932402E+02    0.1319377280E+02    0.3154886288E+02    0.3419352492E+02    0.3842044706E+02    0.3934679075E+02    0.4268634496E+02    0.4271632479E+02
    0.1113520600E+01    0.1192770063E+02    0.1249533278E+02    0.1315325845E+02    0.3154208837E+02    0.3419345274E+02    0.3840495720E+02    0.3935611731E+02    0.4267492219E+02    0.4272032932E+02
    0.1124331480E+01    0.1191461707E+02    0.1247577921E+02    0.1309676014E+02    0.3153263633E+02    0.3419330776E+02    0.3838378564E+02    0.3936866496E+02    0.4265939411E+02    0.4272543574E+02
    0.1135142360E+01    0.1189764721E+02    0.1245069768E+02    0.1302451139E+02    0.3152053798E+02    0.3419304722E+02    0.3835736095E+02    0.3938400870E+02    0.4263966263E+02    0.4273170809E+02
    0.1145953239E+01    0.1187665290E+02    0.1242013271E+02    0.1293683314E+02    0.3150583205E+02    0.3419261784E+02    0.3832614029E+02    0.3940169427E+02    0.4261564016E+02    0.4273919315E+02
    0.1156764119E+01    0.1185142469E+02    0.1238413916E+02    0.1283415835E+02    0.3148856379E+02    0.3419195694E+02    0.3829057405E+02    0.3942127217E+02    0.4258725964E+02    0.4274791274E+02
    0.1167574998E+01    0.1182163617E+02    0.1234278249E+02    0.1271707765E+02    0.3146878389E+02    0.3419099374E+02    0.3825108231E+02    0.3944231947E+02    0.4255446954E+02    0.4275787148E+02
    0.1178385878E+01    0.1178675510E+02    0.1229613901E+02    0.1258642838E+02    0.3144654731E+02    0.3418965081E+02    0.3820804230E+02    0.3946445016E+02    0.4251723083E+02    0.4276906333E+02
    0.1189196758E+01    0.1174586011E+02    0.1224429617E+02    0.1244347806E+02    0.3142191208E+02    0.3418784558E+02    0.3816178400E+02    0.3948731686E+02    0.4247551721E+02    0.4278147544E+02
    0.1200007637E+01    0.1169723990E+02    0.1218735284E+02    0.1229032550E+02    0.3139493813E+02    0.3418549184E+02    0.3811259098E+02    0.3951060651E+02    0.4242931766E+02    0.4279509050E+02
    0.1210818517E+01    0.1163749144E+02    0.1212541954E+02    0.1213080305E+02    0.3136568617E+02    0.3418250130E+02    0.3806070417E+02    0.3953403241E+02    0.4237864077E+02    0.4280988817E+02
    0.1221629397E+01    0.1155968869E+02    0.1197230847E+02    0.1205861870E+02    0.3133421662E+02    0.3417878508E+02    0.3800632683E+02    0.3955732395E+02    0.4232352079E+02    0.4282584605E+02
    0.1232440276E+01    0.1145172789E+02    0.1182746041E+02    0.1198708484E+02    0.3130058872E+02    0.3417425506E+02    0.3794962974E+02    0.3958021474E+02    0.4226402514E+02    0.4284294029E+02
    0.1243251156E+01    0.1130233789E+02    0.1170808918E+02    0.1191096466E+02    0.3126485973E+02    0.3416882530E+02    0.3789075616E+02    0.3960242929E+02    0.4220026400E+02    0.4286114619E+02
    0.1254062035E+01    0.1111377754E+02    0.1161254064E+02    0.1183041715E+02    0.3122708426E+02    0.3416241320E+02    0.3782982620E+02    0.3962366797E+02    0.4213240203E+02    0.4288043859E+02
    0.1264872915E+01    0.1089708190E+02    0.1153043175E+02    0.1174561351E+02    0.3118731376E+02    0.3415494063E+02    0.3776694064E+02    0.3964358979E+02    0.4206067300E+02    0.4290079225E+02
    0.1275683795E+01    0.1066095108E+02    0.1145376378E+02    0.1165673707E+02    0.3114559623E+02    0.3414633495E+02    0.3770218415E+02    0.3966179211E+02    0.4198539801E+02    0.4292218222E+02
    0.1286494674E+01    0.1041036865E+02    0.1137830656E+02    0.1156398299E+02    0.3110197597E+02    0.3413652987E+02    0.3763562801E+02    0.3967778667E+02    0.4190700779E+02    0.4294458410E+02
    0.1297305554E+01    0.1014826945E+02    0.1130193384E+02    0.1146755794E+02    0.3105649354E+02    0.3412546616E+02    0.3756733238E+02    0.3969097112E+02    0.4182606994E+02    0.4296797428E+02
    0.1308116433E+01    0.9876640314E+01    0.1122352642E+02    0.1136767957E+02    0.3100918590E+02    0.3411309235E+02    0.3749734823E+02    0.3970059612E+02    0.4174332084E+02    0.4299233021E+02
    0.1318927313E+01    0.9597040333E+01    0.1114245658E+02    0.1126457588E+02    0.3096008659E+02    0.3409936522E+02    0.3742571898E+02    0.3970572943E+02    0.4165970077E+02    0.4301763049E+02
    0.1329738193E+01    0.9310842963E+01    0.1105835149E+02    0.1115848446E+02    0.3090922608E+02    0.3408425015E+02    0.3735248181E+02    0.3970522128E+02    0.4157638788E+02    0.4304385505E+02
    0.1340549072E+01    0.9019356129E+01    0.1097097970E+02    0.1104965147E+02    0.3085663226E+02    0.3406772147E+02    0.3727766890E+02    0.3969768053E+02    0.4149482156E+02    0.4307098521E+02
    0.1351359952E+01    0.8723887651E+01    0.1088019337E+02    0.1093833059E+02    0.3080233095E+02    0.3404976261E+02    0.3720130835E+02    0.3968147789E+02    0.4141669865E+02    0.4309900368E+02
    0.1362170832E+01    0.8425785190E+01    0.1078589722E+02    0.1082478174E+02    0.3074634658E+02    0.3403036614E+02    0.3712342510E+02    0.3965479918E+02    0.4134391980E+02    0.4312789456E+02
    0.1372981711E+01    0.8126463913E+01    0.1068803099E+02    0.1070926963E+02    0.3068870285E+02    0.3400953379E+02    0.3704404158E+02    0.3961577087E+02    0.4127846349E+02    0.4315764320E+02
    0.1383792591E+01    0.7827428099E+01    0.1058655909E+02    0.1059206218E+02    0.3062942355E+02    0.3398727628E+02    0.3696317829E+02    0.3956266202E+02    0.4122218371E+02    0.4318823612E+02
    0.1394603470E+01    0.7530289627E+01    0.1047342879E+02    0.1048146430E+02    0.3056853330E+02    0.3396361313E+02    0.3688085422E+02    0.3949412782E+02    0.4117656604E+02    0.4321966077E+02
    0.1405414350E+01    0.7236784498E+01    0.1035363843E+02    0.1037274388E+02    0.3050605848E+02    0.3393857231E+02    0.3679708713E+02    0.3940941823E+02    0.4114251875E+02    0.4325190530E+02
    0.1416225230E+01    0.6948787401E+01    0.1023295763E+02    0.1026040706E+02    0.3044202797E+02    0.3391218992E+02    0.3671189364E+02    0.3930846891E+02    0.4112028154E+02    0.4328495827E+02
    0.1427036109E+01    0.6668323359E+01    0.1011164835E+02    0.1014447358E+02    0.3037647407E+02    0.3388450967E+02    0.3662528911E+02    0.3919184154E+02    0.4110948513E+02    0.4331880837E+02
    0.1437846989E+01    0.6397574450E+01    0.9989965736E+01    0.1002497281E+02    0.3030943330E+02    0.3385558238E+02    0.3653728728E+02    0.3906055259E+02    0.4110932252E+02    0.4335344399E+02
    0.1448657868E+01    0.6138878497E+01    0.9868155786E+01    0.9901943393E+01    0.3024094721E+02    0.3382546539E+02    0.3644789962E+02    0.3891586854E+02    0.4111875390E+02    0.4338885294E+02
    0.1459468748E+01    0.5894715343E+01    0.9746453012E+01    0.9775433207E+01    0.3017106307E+02    0.3379422198E+02    0.3635713420E+02    0.3875913294E+02    0.4113668020E+02    0.4342502200E+02
    0.1470279628E+01    0.5667675238E+01    0.9625078032E+01    0.9645499736E+01    0.3009983458E+02    0.3376192067E+02    0.3626499418E+02    0.3859165290E+02    0.4116205754E+02    0.4346193658E+02
    0.1481090507E+01    0.5460403251E+01    0.9504235200E+01    0.9512210714E+01    0.3002732244E+02    0.3372863456E+02    0.3617147545E+02    0.3841464211E+02    0.4119395572E+02    0.4349958031E+02
    0.1491901387E+01    0.5275514279E+01    0.9375645129E+01    0.9384110279E+01    0.2995359484E+02    0.3369444063E+02    0.3607656352E+02    0.3822920437E+02    0.4123157716E+02    0.4353793474E+02
    0.1502712267E+01    0.5115475944E+01    0.9235894625E+01    0.9264868194E+01    0.2987872782E+02    0.3365941909E+02    0.3598022901E+02    0.3803634118E+02    0.4127425283E+02    0.4357697898E+02
    0.1513523146E+01    0.4982462196E+01    0.9093065403E+01    0.9146650933E+01    0.2980280552E+02    0.3362365265E+02    0.3588242150E+02    0.3783697179E+02    0.4132142749E+02    0.4361668943E+02
    0.1524334026E+01    0.4878188493E+01    0.8947280771E+01    0.9029575607E+01    0.2972592031E+02    0.3358722591E+02    0.3578306086E+02    0.3763195908E+02    0.4137264150E+02    0.4365703955E+02
    0.1535144905E+01    0.4803748412E+01    0.8798684609E+01    0.8913732737E+01    0.2964817273E+02    0.3355022471E+02    0.3568202512E+02    0.3742213846E+02    0.4142751297E+02    0.4369799968E+02
    0.1545955785E+01    0.4759477879E+01    0.8647446130E+01    0.8799184802E+01    0.2956967134E+02    0.3351273558E+02    0.3557913328E+02    0.3720834978E+02    0.4148572199E+02    0.4373953692E+02
    0.1556766665E+01    0.4744873023E+01    0.8493766580E+01    0.8685965085E+01    0.2949053238E+02    0.3347484515E+02    0.3547412096E+02    0.3699147387E+02    0.4154699730E+02    0.4378161508E+02
    0.1567577544E+01    0.4758578628E+01    0.8337888905E+01    0.8574076868E+01    0.2941087927E+02    0.3343663969E+02    0.3536660587E+02    0.3677247691E+02    0.4161110539E+02    0.4382419468E+02
    0.1578388424E+01    0.4798447997E+01    0.8180112093E+01    0.8463492991E+01    0.2933084205E+02    0.3339820467E+02    0.3525603940E+02    0.3655246632E+02    0.4167784172E+02    0.4386723304E+02
    0.1589199303E+01    0.4861657059E+01    0.8020813143E+01    0.8354155818E+01    0.2925055654E+02    0.3335962435E+02    0.3514164113E+02    0.3633276218E+02    0.4174702372E+02    0.4391068439E+02
    0.1600010183E+01    0.4944841615E+01    0.7860481801E+01    0.8245977609E+01    0.2917016350E+02    0.3332098146E+02    0.3502231685E+02    0.3611498353E+02    0.4181848521E+02    0.4395450010E+02
    0.1610821063E+01    0.5044219488E+01    0.7699777447E+01    0.8138841323E+01    0.2908980764E+02    0.3328235691E+02    0.3489657436E+02    0.3590113577E+02    0.4189207204E+02    0.4399862892E+02
    0.1621631942E+01    0.5155656261E+01    0.7539625643E+01    0.8032601850E+01    0.2900963645E+02    0.3324382954E+02    0.3476248363E+02    0.3569365283E+02    0.4196763855E+02    0.4404301727E+02
    0.1632442822E+01    0.5274626596E+01    0.7381387896E+01    0.7927087641E+01    0.2892979907E+02    0.3320547594E+02    0.3461778068E+02    0.3549529476E+02    0.4204504489E+02    0.4408760956E+02
    0.1643253702E+01    0.5396001634E+01    0.7227169204E+01    0.7822102745E+01    0.2885044503E+02    0.3316737024E+02    0.3446024389E+02    0.3530877244E+02    0.4212415482E+02    0.4413234860E+02
    0.1654064581E+01    0.5513546687E+01    0.7080381322E+01    0.7717429196E+01    0.2877172294E+02    0.3312958403E+02    0.3428835222E+02    0.3513608981E+02    0.4220483403E+02    0.4417717590E+02
    0.1664875461E+01    0.5618969392E+01    0.6946727558E+01    0.7612829725E+01    0.2869377921E+02    0.3309218623E+02    0.3410191866E+02    0.3497791053E+02    0.4228694892E+02    0.4422203216E+02
    0.1675686340E+01    0.5700573405E+01    0.6835561248E+01    0.7508050743E+01    0.2861675670E+02    0.3305524298E+02    0.3390222024E+02    0.3483342780E+02    0.4237036550E+02    0.4426685757E+02
    0.1686497220E+01    0.5743030574E+01    0.6760111686E+01    0.7402825542E+01    0.2854079351E+02    0.3301881759E+02    0.3369151816E+02    0.3470084374E+02    0.4245494881E+02    0.4431159223E+02
    0.1697308100E+01    0.5732730923E+01    0.6732123672E+01    0.7296877654E+01    0.2846602170E+02    0.3298297048E+02    0.3347237060E+02    0.3457805597E+02    0.4254056229E+02    0.4435617650E+02
    0.1708118979E+01    0.5668414601E+01    0.6751210548E+01    0.7189924312E+01    0.2839256618E+02    0.3294775910E+02    0.3324714658E+02    0.3446314293E+02    0.4262706754E+02    0.4440055134E+02
    0.1718929859E+01    0.5562175859E+01    0.6803833436E+01    0.7081679937E+01    0.2832054367E+02    0.3291323787E+02    0.3301783013E+02    0.3435455874E+02    0.4271432412E+02    0.4444465859E+02
    0.1729740738E+01    0.5428754175E+01    0.6873993288E+01    0.6971859602E+01    0.2825006174E+02    0.3278601070E+02    0.3287945814E+02    0.3425114190E+02    0.4280218944E+02    0.4448844128E+02
    0.1740551618E+01    0.5278873809E+01    0.6860182412E+01    0.6949875475E+01    0.2818121804E+02    0.3255294726E+02    0.3284646810E+02    0.3415204998E+02    0.4289051892E+02    0.4453184377E+02
    0.1751362498E+01    0.5119104827E+01    0.6746374733E+01    0.7023974377E+01    0.2811409967E+02    0.3231964451E+02    0.3281431273E+02    0.3405668252E+02    0.4297916598E+02    0.4457481201E+02
    0.1762173377E+01    0.4953366633E+01    0.6630173231E+01    0.7091577088E+01    0.2804878270E+02    0.3208691786E+02    0.3278303370E+02    0.3396461491E+02    0.4306798236E+02    0.4461729363E+02
    0.1772984257E+01    0.4784075925E+01    0.6511327679E+01    0.7149604289E+01    0.2798533188E+02    0.3185544277E+02    0.3275266930E+02    0.3387554816E+02    0.4315681827E+02    0.4465923804E+02
    0.1783795137E+01    0.4612806069E+01    0.6389603482E+01    0.7195941165E+01    0.2792380050E+02    0.3162579042E+02    0.3272325436E+02    0.3378927242E+02    0.4324552273E+02    0.4470059649E+02
    0.1794606016E+01    0.4440644014E+01    0.6264783904E+01    0.7229072015E+01    0.2786423053E+02    0.3139845286E+02    0.3269482016E+02    0.3370564115E+02    0.4333394383E+02    0.4474132207E+02
    0.1805416896E+01    0.4268384651E+01    0.6136671969E+01    0.7247878434E+01    0.2780665278E+02    0.3117386088E+02    0.3266739429E+02    0.3362455281E+02    0.4342192911E+02    0.4478136969E+02
    0.1816227775E+01    0.4096639529E+01    0.6005092029E+01    0.7251523943E+01    0.2775108739E+02    0.3095239671E+02    0.3264100063E+02    0.3354593796E+02    0.4350932588E+02    0.4482069604E+02
    0.1827038655E+01    0.3925899603E+01    0.5869890981E+01    0.7239385166E+01    0.2769754442E+02    0.3073440322E+02    0.3261565920E+02    0.3346975012E+02    0.4359598153E+02    0.4485925952E+02
    0.1837849535E+01    0.3756572566E+01    0.5730939154E+01    0.7211008831E+01    0.2764602452E+02    0.3052019087E+02    0.3259138610E+02    0.3339595916E+02    0.4368174390E+02    0.4489702013E+02
    0.1848660414E+01    0.3589005627E+01    0.5588130850E+01    0.7166083562E+01    0.2759651990E+02    0.3031004309E+02    0.3256819345E+02    0.3332454658E+02    0.4376646162E+02    0.4493393937E+02
    0.1859471294E+01    0.3423499707E+01    0.5441384581E+01    0.7104420387E+01    0.2754901521E+02    0.3010422063E+02    0.3254608932E+02    0.3325550216E+02    0.4384998440E+02    0.4496998016E+02
    0.1870282173E+01    0.3260318401E+01    0.5290642993E+01    0.7025938485E+01    0.2750348866E+02    0.2990296525E+02    0.3252507770E+02    0.3318882144E+02    0.4393216338E+02    0.4500510668E+02
    0.1881093053E+01    0.3099693669E+01    0.5135872522E+01    0.6930654173E+01    0.2745991314E+02    0.2970650306E+02    0.3250515847E+02    0.3312450395E+02    0.4401285139E+02    0.4503928429E+02
    0.1891903933E+01    0.2941829441E+01    0.4977062803E+01    0.6818671886E+01    0.2741825734E+02    0.2951504748E+02    0.3248632744E+02    0.3306255191E+02    0.4409190328E+02    0.4507247941E+02
    0.1902714812E+01    0.2786903849E+01    0.4814225853E+01    0.6690176438E+01    0.2737848693E+02    0.2932880204E+02    0.3246857639E+02    0.3300296930E+02    0.4416917618E+02    0.4510465946E+02
    0.1913525692E+01    0.2635070570E+01    0.4647395076E+01    0.6545426086E+01    0.2734056570E+02    0.2914796295E+02    0.3245189315E+02    0.3294576120E+02    0.4424452977E+02    0.4513579273E+02
    0.1924336571E+01    0.2486459552E+01    0.4476624101E+01    0.6384746145E+01    0.2730445660E+02    0.2897272156E+02    0.3243626171E+02    0.3289093334E+02    0.4431782655E+02    0.4516584839E+02
    0.1935147451E+01    0.2341177346E+01    0.4301985505E+01    0.6208522989E+01    0.2727012282E+02    0.2880326651E+02    0.3242166243E+02    0.3283849174E+02    0.4438893210E+02    0.4519479637E+02
    0.1945958331E+01    0.2199307160E+01    0.4123569443E+01    0.6017198362E+01    0.2723752862E+02    0.2863978566E+02    0.3240807220E+02    0.3278844251E+02    0.4445771531E+02    0.4522260740E+02
    0.1956769210E+01    0.2060908747E+01    0.3941482214E+01    0.5811263953E+01    0.2720664022E+02    0.2848246770E+02    0.3239546473E+02    0.3274079173E+02    0.4452404863E+02    0.4524925300E+02
    0.1967580090E+01    0.1926018176E+01    0.3755844791E+01    0.5591256240E+01    0.2717742639E+02    0.2833150344E+02    0.3238381083E+02    0.3269554532E+02    0.4458780833E+02    0.4527470548E+02
    0.1978390970E+01    0.1794647549E+01    0.3566791348E+01    0.5357751608E+01    0.2714985907E+02    0.2818708661E+02    0.3237307874E+02    0.3265270901E+02    0.4464887472E+02    0.4529893798E+02
    0.1989201849E+01    0.1666784707E+01    0.3374467800E+01    0.5111361751E+01    0.2712391370E+02    0.2804941435E+02    0.3236323456E+02    0.3261228830E+02    0.4470713238E+02    0.4532192459E+02
    0.2000012729E+01    0.1542392930E+01    0.3179030374E+01    0.4852729391E+01    0.2709956950E+02    0.2791868715E+02    0.3235424263E+02    0.3257428849E+02    0.4476247039E+02    0.4534364039E+02
    0.2010823608E+01    0.1421410685E+01    0.2980644238E+01    0.4582524305E+01    0.2707680958E+02    0.2779510836E+02    0.3234606596E+02    0.3253871459E+02    0.4481478256E+02    0.4536406157E+02
    0.2021634488E+01    0.1303751410E+01    0.2779482179E+01    0.4301439686E+01    0.2705562091E+02    0.2767888328E+02    0.3233866677E+02    0.3250557140E+02    0.4486396762E+02    0.4538316557E+02
    0.2032445368E+01    0.1189303352E+01    0.2575723355E+01    0.4010188828E+01    0.2703599418E+02    0.2757021782E+02    0.3233200694E+02    0.3247486346E+02    0.4490992942E+02    0.4540093124E+02
    0.2043256247E+01    0.1077929436E+01    0.2369552100E+01    0.3709502119E+01    0.2701792352E+02    0.2746931676E+02    0.3232604853E+02    0.3244659506E+02    0.4495257713E+02    0.4541733898E+02
    0.2054067127E+01    0.9694671039E+00    0.2161156770E+01    0.3400124317E+01    0.2700140619E+02    0.2737638168E+02    0.3232075428E+02    0.3242077024E+02    0.4499182545E+02    0.4543237090E+02
    0.2064878006E+01    0.8637279931E+00    0.1950728575E+01    0.3082812062E+01    0.2698644209E+02    0.2729160869E+02    0.3231608815E+02    0.3239739278E+02    0.4502759476E+02    0.4544601101E+02
    0.2075688886E+01    0.7604971486E+00    0.1738460307E+01    0.2758331540E+01    0.2697303334E+02    0.2721518588E+02    0.3231201579E+02    0.3237646617E+02    0.4505981133E+02    0.4545824535E+02
    0.2086499766E+01    0.6595310769E+00    0.1524544729E+01    0.2427456131E+01    0.2696118371E+02    0.2714729075E+02    0.3230850501E+02    0.3235799360E+02    0.4508840758E+02    0.4546906206E+02
    0.2097310645E+01    0.5605529896E+00    0.1309172108E+01    0.2090963695E+01    0.2695089813E+02    0.2708808755E+02    0.3230552626E+02    0.3234197796E+02    0.4511332230E+02    0.4547845144E+02
    0.2108121525E+01    0.4632408405E+00    0.1092525553E+01    0.1749632651E+01    0.2694218213E+02    0.2703772474E+02    0.3230305302E+02    0.3232842180E+02    0.4513450103E+02    0.4548640590E+02
    0.2118932405E+01    0.3671946987E+00    0.8747700938E+00    0.1404234297E+01    0.2693504135E+02    0.2699633259E+02    0.3230106218E+02    0.3231732732E+02    0.4515189645E+02    0.4549291979E+02
    0.2129743284E+01    0.2718324097E+00    0.6560206082E+00    0.1055512195E+01    0.2692948110E+02    0.2696402092E+02    0.3229953437E+02    0.3230869635E+02    0.4516546881E+02    0.4549798921E+02
    0.2140554164E+01    0.1759394884E+00    0.4362134608E+00    0.7041025578E+00    0.2692550595E+02    0.2694087726E+02    0.3229845424E+02    0.3230253033E+02    0.4517518649E+02    0.4550161161E+02
    0.2151365043E+01    0.7367749109E-01    0.2141845276E+00    0.3499765131E+00    0.2692311939E+02    0.2692696527E+02    0.3229781066E+02    0.3229883030E+02    0.4518102644E+02    0.4550378553E+02
    0.2162175923E+01   -0.5514943779E-01   -0.4817195660E-01   -0.4817195043E-01    0.2692232362E+02    0.2692232362E+02    0.3229759689E+02    0.3229759689E+02    0.4518297466E+02    0.4550451025E+02
    0.2172986803E+01    0.7367749795E-01    0.2141845410E+00    0.3499765343E+00    0.2692311939E+02    0.2692696527E+02    0.3229781066E+02    0.3229883030E+02    0.4518102644E+02    0.4550378553E+02
    0.2183797682E+01    0.1759394942E+00    0.4362134739E+00    0.7041025788E+00    0.2692550595E+02    0.2694087726E+02    0.3229845424E+02    0.3230253033E+02    0.4517518648E+02    0.4550161161E+02
    0.2194608562E+01    0.2718324154E+00    0.6560206212E+00    0.1055512216E+01    0.2692948110E+02    0.2696402092E+02    0.3229953437E+02    0.3230869635E+02    0.4516546881E+02    0.4549798920E+02
    0.2205419441E+01    0.3671947044E+00    0.8747701068E+00    0.1404234317E+01    0.2693504135E+02    0.2699633259E+02    0.3230106218E+02    0.3231732732E+02    0.4515189645E+02    0.4549291979E+02
    0.2216230321E+01    0.4632408463E+00    0.1092525566E+01    0.1749632671E+01    0.2694218213E+02    0.2703772475E+02    0.3230305302E+02    0.3232842180E+02    0.4513450103E+02    0.4548640590E+02
    0.2227041201E+01    0.5605529954E+00    0.1309172121E+01    0.2090963715E+01    0.2695089813E+02    0.2708808755E+02    0.3230552626E+02    0.3234197796E+02    0.4511332230E+02    0.4547845144E+02
    0.2237852080E+01    0.6595310829E+00    0.1524544741E+01    0.2427456150E+01    0.2696118371E+02    0.2714729075E+02    0.3230850501E+02    0.3235799360E+02    0.4508840758E+02    0.4546906206E+02
    0.2248662960E+01    0.7604971547E+00    0.1738460320E+01    0.2758331560E+01    0.2697303334E+02    0.2721518589E+02    0.3231201579E+02    0.3237646617E+02    0.4505981133E+02    0.4545824535E+02
    0.2259473840E+01    0.8637279993E+00    0.1950728587E+01    0.3082812081E+01    0.2698644209E+02    0.2729160870E+02    0.3231608815E+02    0.3239739278E+02    0.4502759476E+02    0.4544601101E+02
    0.2270284719E+01    0.9694671103E+00    0.2161156782E+01    0.3400124335E+01    0.2700140619E+02    0.2737638169E+02    0.3232075428E+02    0.3242077024E+02    0.4499182545E+02    0.4543237090E+02
    0.2281095599E+01    0.1077929443E+01    0.2369552113E+01    0.3709502137E+01    0.2701792352E+02    0.2746931677E+02    0.3232604853E+02    0.3244659506E+02    0.4495257713E+02    0.4541733898E+02
    0.2291906478E+01    0.1189303359E+01    0.2575723367E+01    0.4010188846E+01    0.2703599418E+02    0.2757021783E+02    0.3233200694E+02    0.3247486346E+02    0.4490992941E+02    0.4540093124E+02
    0.2302717358E+01    0.1303751417E+01    0.2779482191E+01    0.4301439703E+01    0.2705562091E+02    0.2767888329E+02    0.3233866677E+02    0.3250557140E+02    0.4486396762E+02    0.4538316557E+02
    0.2313528238E+01    0.1421410692E+01    0.2980644250E+01    0.4582524322E+01    0.2707680958E+02    0.2779510836E+02    0.3234606596E+02    0.3253871459E+02    0.4481478256E+02    0.4536406157E+02
    0.2324339117E+01    0.1542392938E+01    0.3179030386E+01    0.4852729407E+01    0.2709956950E+02    0.2791868716E+02    0.3235424263E+02    0.3257428849E+02    0.4476247039E+02    0.4534364039E+02
    0.2335149997E+01    0.1666784714E+01    0.3374467811E+01    0.5111361767E+01    0.2712391370E+02    0.2804941436E+02    0.3236323457E+02    0.3261228831E+02    0.4470713238E+02    0.4532192459E+02
    0.2345960876E+01    0.1794647557E+01    0.3566791359E+01    0.5357751622E+01    0.2714985908E+02    0.2818708662E+02    0.3237307874E+02    0.3265270901E+02    0.4464887472E+02    0.4529893798E+02
    0.2356771756E+01    0.1926018183E+01    0.3755844802E+01    0.5591256254E+01    0.2717742640E+02    0.2833150344E+02    0.3238381083E+02    0.3269554532E+02    0.4458780833E+02    0.4527470547E+02
    0.2367582636E+01    0.2060908756E+01    0.3941482225E+01    0.5811263965E+01    0.2720664022E+02    0.2848246771E+02    0.3239546473E+02    0.3274079173E+02    0.4452404863E+02    0.4524925300E+02
    0.2378393515E+01    0.2199307169E+01    0.4123569454E+01    0.6017198374E+01    0.2723752862E+02    0.2863978567E+02    0.3240807220E+02    0.3278844252E+02    0.4445771531E+02    0.4522260740E+02
    0.2389204395E+01    0.2341177354E+01    0.4301985515E+01    0.6208523000E+01    0.2727012282E+02    0.2880326652E+02    0.3242166243E+02    0.3283849174E+02    0.4438893210E+02    0.4519479637E+02
    0.2400015275E+01    0.2486459561E+01    0.4476624111E+01    0.6384746155E+01    0.2730445661E+02    0.2897272157E+02    0.3243626171E+02    0.3289093334E+02    0.4431782655E+02    0.4516584839E+02
    0.2410826154E+01    0.2635070579E+01    0.4647395086E+01    0.6545426095E+01    0.2734056570E+02    0.2914796296E+02    0.3245189315E+02    0.3294576121E+02    0.4424452977E+02    0.4513579273E+02
    0.2421637034E+01    0.2786903858E+01    0.4814225863E+01    0.6690176447E+01    0.2737848694E+02    0.2932880205E+02    0.3246857639E+02    0.3300296930E+02    0.4416917617E+02    0.4510465946E+02
    0.2432447913E+01    0.2941829450E+01    0.4977062812E+01    0.6818671893E+01    0.2741825734E+02    0.2951504749E+02    0.3248632744E+02    0.3306255191E+02    0.4409190327E+02    0.4507247941E+02
    0.2443258793E+01    0.3099693679E+01    0.5135872531E+01    0.6930654179E+01    0.2745991314E+02    0.2970650307E+02    0.3250515847E+02    0.3312450396E+02    0.4401285138E+02    0.4503928429E+02
    0.2454069673E+01    0.3260318411E+01    0.5290643002E+01    0.7025938490E+01    0.2750348866E+02    0.2990296526E+02    0.3252507770E+02    0.3318882145E+02    0.4393216337E+02    0.4500510668E+02
    0.2464880552E+01    0.3423499717E+01    0.5441384590E+01    0.7104420391E+01    0.2754901521E+02    0.3010422064E+02    0.3254608932E+02    0.3325550217E+02    0.4384998440E+02    0.4496998016E+02
    0.2475691432E+01    0.3589005636E+01    0.5588130859E+01    0.7166083566E+01    0.2759651990E+02    0.3031004311E+02    0.3256819345E+02    0.3332454659E+02    0.4376646162E+02    0.4493393937E+02
    0.2486502311E+01    0.3756572576E+01    0.5730939162E+01    0.7211008833E+01    0.2764602453E+02    0.3052019088E+02    0.3259138610E+02    0.3339595916E+02    0.4368174390E+02    0.4489702012E+02
    0.2497313191E+01    0.3925899613E+01    0.5869890989E+01    0.7239385168E+01    0.2769754442E+02    0.3073440323E+02    0.3261565920E+02    0.3346975013E+02    0.4359598152E+02    0.4485925951E+02
    0.2508124071E+01    0.4096639539E+01    0.6005092036E+01    0.7251523944E+01    0.2775108740E+02    0.3095239672E+02    0.3264100063E+02    0.3354593797E+02    0.4350932587E+02    0.4482069604E+02
    0.2518934950E+01    0.4268384661E+01    0.6136671977E+01    0.7247878433E+01    0.2780665278E+02    0.3117386090E+02    0.3266739429E+02    0.3362455281E+02    0.4342192911E+02    0.4478136968E+02
    0.2529745830E+01    0.4440644024E+01    0.6264783911E+01    0.7229072013E+01    0.2786423053E+02    0.3139845287E+02    0.3269482016E+02    0.3370564115E+02    0.4333394382E+02    0.4474132206E+02
    0.2540556710E+01    0.4612806079E+01    0.6389603489E+01    0.7195941163E+01    0.2792380051E+02    0.3162579043E+02    0.3272325437E+02    0.3378927243E+02    0.4324552272E+02    0.4470059649E+02
    0.2551367589E+01    0.4784075935E+01    0.6511327686E+01    0.7149604286E+01    0.2798533188E+02    0.3185544279E+02    0.3275266930E+02    0.3387554816E+02    0.4315681827E+02    0.4465923804E+02
    0.2562178469E+01    0.4953366643E+01    0.6630173238E+01    0.7091577085E+01    0.2804878271E+02    0.3208691787E+02    0.3278303370E+02    0.3396461492E+02    0.4306798236E+02    0.4461729363E+02
    0.2572989348E+01    0.5119104837E+01    0.6746374740E+01    0.7023974373E+01    0.2811409968E+02    0.3231964453E+02    0.3281431273E+02    0.3405668253E+02    0.4297916598E+02    0.4457481201E+02
    0.2583800228E+01    0.5278873818E+01    0.6860182419E+01    0.6949875470E+01    0.2818121805E+02    0.3255294728E+02    0.3284646810E+02    0.3415204999E+02    0.4289051891E+02    0.4453184376E+02
    0.2594611108E+01    0.5428754183E+01    0.6873993283E+01    0.6971859609E+01    0.2825006174E+02    0.3278601071E+02    0.3287945814E+02    0.3425114190E+02    0.4280218944E+02    0.4448844127E+02
    0.2605421987E+01    0.5562175866E+01    0.6803833433E+01    0.7081679943E+01    0.2832054368E+02    0.3291323787E+02    0.3301783015E+02    0.3435455875E+02    0.4271432411E+02    0.4444465859E+02
    0.2616232867E+01    0.5668414606E+01    0.6751210546E+01    0.7189924319E+01    0.2839256619E+02    0.3294775910E+02    0.3324714659E+02    0.3446314293E+02    0.4262706754E+02    0.4440055133E+02
    0.2627043746E+01    0.5732730926E+01    0.6732123672E+01    0.7296877661E+01    0.2846602170E+02    0.3298297048E+02    0.3347237061E+02    0.3457805598E+02    0.4254056229E+02    0.4435617650E+02
    0.2637854626E+01    0.5743030573E+01    0.6760111689E+01    0.7402825548E+01    0.2854079351E+02    0.3301881759E+02    0.3369151817E+02    0.3470084375E+02    0.4245494880E+02    0.4431159223E+02
    0.2648665506E+01    0.5700573401E+01    0.6835561254E+01    0.7508050749E+01    0.2861675670E+02    0.3305524298E+02    0.3390222025E+02    0.3483342780E+02    0.4237036550E+02    0.4426685757E+02
    0.2659476385E+01    0.5618969386E+01    0.6946727566E+01    0.7612829731E+01    0.2869377921E+02    0.3309218623E+02    0.3410191867E+02    0.3497791054E+02    0.4228694891E+02    0.4422203216E+02
    0.2670287265E+01    0.5513546681E+01    0.7080381330E+01    0.7717429202E+01    0.2877172295E+02    0.3312958404E+02    0.3428835223E+02    0.3513608982E+02    0.4220483403E+02    0.4417717590E+02
    0.2681098145E+01    0.5396001627E+01    0.7227169213E+01    0.7822102751E+01    0.2885044503E+02    0.3316737024E+02    0.3446024390E+02    0.3530877245E+02    0.4212415481E+02    0.4413234859E+02
    0.2691909024E+01    0.5274626589E+01    0.7381387905E+01    0.7927087647E+01    0.2892979907E+02    0.3320547594E+02    0.3461778069E+02    0.3549529478E+02    0.4204504489E+02    0.4408760956E+02
    0.2702719904E+01    0.5155656254E+01    0.7539625653E+01    0.8032601856E+01    0.2900963645E+02    0.3324382954E+02    0.3476248364E+02    0.3569365285E+02    0.4196763855E+02    0.4404301726E+02
    0.2713530783E+01    0.5044219481E+01    0.7699777457E+01    0.8138841330E+01    0.2908980764E+02    0.3328235691E+02    0.3489657437E+02    0.3590113578E+02    0.4189207204E+02    0.4399862892E+02
    0.2724341663E+01    0.4944841609E+01    0.7860481810E+01    0.8245977615E+01    0.2917016351E+02    0.3332098146E+02    0.3502231686E+02    0.3611498354E+02    0.4181848521E+02    0.4395450009E+02
    0.2735152543E+01    0.4861657055E+01    0.8020813152E+01    0.8354155825E+01    0.2925055654E+02    0.3335962435E+02    0.3514164114E+02    0.3633276219E+02    0.4174702372E+02    0.4391068438E+02
    0.2745963422E+01    0.4798447994E+01    0.8180112103E+01    0.8463492998E+01    0.2933084205E+02    0.3339820467E+02    0.3525603940E+02    0.3655246634E+02    0.4167784172E+02    0.4386723303E+02
    0.2756774302E+01    0.4758578626E+01    0.8337888914E+01    0.8574076874E+01    0.2941087928E+02    0.3343663970E+02    0.3536660587E+02    0.3677247692E+02    0.4161110539E+02    0.4382419468E+02
    0.2767585181E+01    0.4744873023E+01    0.8493766590E+01    0.8685965091E+01    0.2949053238E+02    0.3347484515E+02    0.3547412097E+02    0.3699147389E+02    0.4154699729E+02    0.4378161508E+02
    0.2778396061E+01    0.4759477881E+01    0.8647446139E+01    0.8799184808E+01    0.2956967134E+02    0.3351273558E+02    0.3557913328E+02    0.3720834979E+02    0.4148572198E+02    0.4373953692E+02
    0.2789206941E+01    0.4803748416E+01    0.8798684618E+01    0.8913732744E+01    0.2964817273E+02    0.3355022472E+02    0.3568202512E+02    0.3742213848E+02    0.4142751296E+02    0.4369799968E+02
    0.2800017820E+01    0.4878188499E+01    0.8947280779E+01    0.9029575614E+01    0.2972592031E+02    0.3358722591E+02    0.3578306086E+02    0.3763195910E+02    0.4137264149E+02    0.4365703954E+02
    0.2810828700E+01    0.4982462203E+01    0.9093065411E+01    0.9146650940E+01    0.2980280552E+02    0.3362365265E+02    0.3588242150E+02    0.3783697180E+02    0.4132142749E+02    0.4361668942E+02
    0.2821639580E+01    0.5115475953E+01    0.9235894634E+01    0.9264868201E+01    0.2987872782E+02    0.3365941909E+02    0.3598022901E+02    0.3803634119E+02    0.4127425283E+02    0.4357697897E+02
    0.2832450459E+01    0.5275514289E+01    0.9375645137E+01    0.9384110286E+01    0.2995359485E+02    0.3369444064E+02    0.3607656352E+02    0.3822920438E+02    0.4123157716E+02    0.4353793474E+02
    0.2843261339E+01    0.5460403263E+01    0.9504235208E+01    0.9512210722E+01    0.3002732245E+02    0.3372863456E+02    0.3617147546E+02    0.3841464212E+02    0.4119395572E+02    0.4349958031E+02
    0.2854072218E+01    0.5667675251E+01    0.9625078039E+01    0.9645499744E+01    0.3009983459E+02    0.3376192068E+02    0.3626499418E+02    0.3859165291E+02    0.4116205754E+02    0.4346193658E+02
    0.2864883098E+01    0.5894715357E+01    0.9746453019E+01    0.9775433215E+01    0.3017106308E+02    0.3379422199E+02    0.3635713421E+02    0.3875913295E+02    0.4113668020E+02    0.4342502200E+02
    0.2875693978E+01    0.6138878512E+01    0.9868155794E+01    0.9901943401E+01    0.3024094722E+02    0.3382546539E+02    0.3644789962E+02    0.3891586855E+02    0.4111875390E+02    0.4338885294E+02
    0.2886504857E+01    0.6397574466E+01    0.9989965744E+01    0.1002497282E+02    0.3030943331E+02    0.3385558238E+02    0.3653728729E+02    0.3906055259E+02    0.4110932252E+02    0.4335344399E+02
    0.2897315737E+01    0.6668323375E+01    0.1011164836E+02    0.1014447358E+02    0.3037647407E+02    0.3388450967E+02    0.3662528911E+02    0.3919184155E+02    0.4110948513E+02    0.4331880837E+02
    0.2908126616E+01    0.6948787418E+01    0.1023295764E+02    0.1026040706E+02    0.3044202797E+02    0.3391218993E+02    0.3671189365E+02    0.3930846891E+02    0.4112028154E+02    0.4328495827E+02
    0.2918937496E+01    0.7236784515E+01    0.1035363844E+02    0.1037274388E+02    0.3050605848E+02    0.3393857232E+02    0.3679708714E+02    0.3940941823E+02    0.4114251875E+02    0.4325190530E+02
    0.2929748376E+01    0.7530289645E+01    0.1047342880E+02    0.1048146431E+02    0.3056853331E+02    0.3396361313E+02    0.3688085422E+02    0.3949412783E+02    0.4117656604E+02    0.4321966077E+02
    0.2940559255E+01    0.7827428117E+01    0.1058655909E+02    0.1059206219E+02    0.3062942355E+02    0.3398727628E+02    0.3696317829E+02    0.3956266202E+02    0.4122218371E+02    0.4318823612E+02
    0.2951370135E+01    0.8126463931E+01    0.1068803099E+02    0.1070926964E+02    0.3068870285E+02    0.3400953379E+02    0.3704404158E+02    0.3961577088E+02    0.4127846349E+02    0.4315764320E+02
    0.2962181015E+01    0.8425785208E+01    0.1078589722E+02    0.1082478175E+02    0.3074634658E+02    0.3403036614E+02    0.3712342510E+02    0.3965479918E+02    0.4134391980E+02    0.4312789455E+02
    0.2972991894E+01    0.8723887669E+01    0.1088019337E+02    0.1093833060E+02    0.3080233095E+02    0.3404976261E+02    0.3720130835E+02    0.3968147789E+02    0.4141669866E+02    0.4309900368E+02
    0.2983802774E+01    0.9019356146E+01    0.1097097971E+02    0.1104965148E+02    0.3085663226E+02    0.3406772148E+02    0.3727766890E+02    0.3969768053E+02    0.4149482156E+02    0.4307098520E+02
    0.2994613653E+01    0.9310842980E+01    0.1105835150E+02    0.1115848447E+02    0.3090922608E+02    0.3408425015E+02    0.3735248182E+02    0.3970522128E+02    0.4157638789E+02    0.4304385505E+02
    0.3005424533E+01    0.9597040350E+01    0.1114245658E+02    0.1126457589E+02    0.3096008659E+02    0.3409936522E+02    0.3742571899E+02    0.3970572943E+02    0.4165970077E+02    0.4301763048E+02
    0.3016235413E+01    0.9876640330E+01    0.1122352642E+02    0.1136767957E+02    0.3100918590E+02    0.3411309236E+02    0.3749734824E+02    0.3970059612E+02    0.4174332084E+02    0.4299233021E+02
    0.3027046292E+01    0.1014826946E+02    0.1130193384E+02    0.1146755794E+02    0.3105649354E+02    0.3412546616E+02    0.3756733238E+02    0.3969097112E+02    0.4182606995E+02    0.4296797428E+02
    0.3037857172E+01    0.1041036867E+02    0.1137830656E+02    0.1156398300E+02    0.3110197597E+02    0.3413652987E+02    0.3763562801E+02    0.3967778667E+02    0.4190700779E+02    0.4294458410E+02
    0.3048668051E+01    0.1066095110E+02    0.1145376378E+02    0.1165673708E+02    0.3114559623E+02    0.3414633496E+02    0.3770218416E+02    0.3966179211E+02    0.4198539801E+02    0.4292218222E+02
    0.3059478931E+01    0.1089708191E+02    0.1153043175E+02    0.1174561352E+02    0.3118731377E+02    0.3415494063E+02    0.3776694065E+02    0.3964358979E+02    0.4206067301E+02    0.4290079225E+02
    0.3070289811E+01    0.1111377755E+02    0.1161254064E+02    0.1183041715E+02    0.3122708426E+02    0.3416241320E+02    0.3782982621E+02    0.3962366797E+02    0.4213240203E+02    0.4288043858E+02
    0.3081100690E+01    0.1130233790E+02    0.1170808918E+02    0.1191096466E+02    0.3126485973E+02    0.3416882530E+02    0.3789075616E+02    0.3960242929E+02    0.4220026401E+02    0.4286114619E+02
    0.3091911570E+01    0.1145172790E+02    0.1182746042E+02    0.1198708484E+02    0.3130058872E+02    0.3417425506E+02    0.3794962974E+02    0.3958021474E+02    0.4226402515E+02    0.4284294029E+02
    0.3102722450E+01    0.1155968870E+02    0.1197230848E+02    0.1205861871E+02    0.3133421662E+02    0.3417878508E+02    0.3800632683E+02    0.3955732395E+02    0.4232352079E+02    0.4282584605E+02
    0.3113533329E+01    0.1163749145E+02    0.1212541955E+02    0.1213080306E+02    0.3136568617E+02    0.3418250130E+02    0.3806070417E+02    0.3953403241E+02    0.4237864078E+02    0.4280988817E+02
    0.3124344209E+01    0.1169723991E+02    0.1218735284E+02    0.1229032551E+02    0.3139493813E+02    0.3418549184E+02    0.3811259098E+02    0.3951060651E+02    0.4242931766E+02    0.4279509049E+02
    0.3135155088E+01    0.1174586011E+02    0.1224429618E+02    0.1244347807E+02    0.3142191208E+02    0.3418784558E+02    0.3816178400E+02    0.3948731686E+02    0.4247551722E+02    0.4278147544E+02
    0.3145965968E+01    0.1178675511E+02    0.1229613901E+02    0.1258642838E+02    0.3144654731E+02    0.3418965081E+02    0.3820804231E+02    0.3946445016E+02    0.4251723083E+02    0.4276906333E+02
    0.3156776848E+01    0.1182163617E+02    0.1234278249E+02    0.1271707766E+02    0.3146878389E+02    0.3419099374E+02    0.3825108231E+02    0.3944231947E+02    0.4255446954E+02    0.4275787148E+02
    0.3167587727E+01    0.1185142469E+02    0.1238413916E+02    0.1283415835E+02    0.3148856379E+02    0.3419195694E+02    0.3829057405E+02    0.3942127217E+02    0.4258725965E+02    0.4274791274E+02
    0.3178398607E+01    0.1187665290E+02    0.1242013271E+02    0.1293683315E+02    0.3150583205E+02    0.3419261784E+02    0.3832614030E+02    0.3940169427E+02    0.4261564016E+02    0.4273919315E+02
    0.3189209486E+01    0.1189764721E+02    0.1245069768E+02    0.1302451140E+02    0.3152053798E+02    0.3419304722E+02    0.3835736095E+02    0.3938400870E+02    0.4263966263E+02    0.4273170809E+02
    0.3200020366E+01    0.1191461708E+02    0.1247577921E+02    0.1309676015E+02    0.3153263633E+02    0.3419330776E+02    0.3838378564E+02    0.3936866496E+02    0.4265939411E+02    0.4272543574E+02
    0.3210831246E+01    0.1192770063E+02    0.1249533278E+02    0.1315325845E+02    0.3154208837E+02    0.3419345274E+02    0.3840495720E+02    0.3935611731E+02    0.4267492219E+02    0.4272032932E+02
    0.3221642125E+01    0.1193698917E+02    0.1250932402E+02    0.1319377280E+02    0.3154886288E+02    0.3419352492E+02    0.3842044706E+02    0.3934679075E+02    0.4268634496E+02    0.4271632479E+02
    0.3232453005E+01    0.1194254081E+02    0.1251772850E+02    0.1321814353E+02    0.3155293692E+02    0.3419355553E+02    0.3842989975E+02    0.3934103753E+02    0.4269365006E+02    0.4271346006E+02
    0.3243263885E+01    0.1194438788E+02    0.1252053161E+02    0.1322627735E+02    0.3155429651E+02    0.3419356360E+02    0.3843307843E+02    0.3933909228E+02    0.4269630174E+02    0.4271228672E+02
    0.3254074764E+01    0.1194254080E+02    0.1251772850E+02    0.1321814353E+02    0.3155293692E+02    0.3419355553E+02    0.3842989975E+02    0.3934103753E+02    0.4269365006E+02    0.4271346006E+02
    0.3264885644E+01    0.1193698917E+02    0.1250932402E+02    0.1319377280E+02    0.3154886288E+02    0.3419352492E+02    0.3842044706E+02    0.3934679075E+02    0.4268634496E+02    0.4271632479E+02
    0.3275696523E+01    0.1192770063E+02    0.1249533278E+02    0.1315325845E+02    0.3154208837E+02    0.3419345274E+02    0.3840495720E+02    0.3935611731E+02    0.4267492219E+02    0.4272032932E+02
    0.3286507403E+01    0.1191461707E+02    0.1247577921E+02    0.1309676014E+02    0.3153263633E+02    0.3419330776E+02    0.3838378564E+02    0.3936866496E+02    0.4265939411E+02    0.4272543574E+02
    0.3297318283E+01    0.1189764720E+02    0.1245069768E+02    0.1302451139E+02    0.3152053798E+02    0.3419304722E+02    0.3835736095E+02    0.3938400870E+02    0.4263966263E+02    0.4273170809E+02
    0.3308129162E+01    0.1187665290E+02    0.1242013271E+02    0.1293683314E+02    0.3150583205E+02    0.3419261784E+02    0.3832614029E+02    0.3940169427E+02    0.4261564016E+02    0.4273919315E+02
    0.3318940042E+01    0.1185142469E+02    0.1238413916E+02    0.1283415835E+02    0.3148856378E+02    0.3419195694E+02    0.3829057405E+02    0.3942127217E+02    0.4258725964E+02    0.4274791274E+02
    0.3329750921E+01    0.1182163616E+02    0.1234278249E+02    0.1271707765E+02    0.3146878389E+02    0.3419099374E+02    0.3825108231E+02    0.3944231947E+02    0.4255446954E+02    0.4275787149E+02
    0.3340561801E+01    0.1178675510E+02    0.1229613901E+02    0.1258642837E+02    0.3144654731E+02    0.3418965081E+02    0.3820804230E+02    0.3946445016E+02    0.4251723083E+02    0.4276906333E+02
    0.3351372681E+01    0.1174586010E+02    0.1224429617E+02    0.1244347806E+02    0.3142191208E+02    0.3418784558E+02    0.3816178400E+02    0.3948731686E+02    0.4247551721E+02    0.4278147544E+02
    0.3362183560E+01    0.1169723990E+02    0.1218735284E+02    0.1229032549E+02    0.3139493813E+02    0.3418549184E+02    0.3811259098E+02    0.3951060651E+02    0.4242931766E+02    0.4279509050E+02
    0.3372994440E+01    0.1163749144E+02    0.1212541954E+02    0.1213080305E+02    0.3136568616E+02    0.3418250130E+02    0.3806070417E+02    0.3953403241E+02    0.4237864077E+02    0.4280988817E+02
    0.3383805320E+01    0.1155968869E+02    0.1197230846E+02    0.1205861870E+02    0.3133421662E+02    0.3417878508E+02    0.3800632683E+02    0.3955732395E+02    0.4232352079E+02    0.4282584605E+02
    0.3394616199E+01    0.1145172789E+02    0.1182746041E+02    0.1198708484E+02    0.3130058872E+02    0.3417425506E+02    0.3794962974E+02    0.3958021475E+02    0.4226402514E+02    0.4284294030E+02
    0.3405427079E+01    0.1130233788E+02    0.1170808918E+02    0.1191096466E+02    0.3126485973E+02    0.3416882530E+02    0.3789075616E+02    0.3960242929E+02    0.4220026400E+02    0.4286114619E+02
    0.3416237958E+01    0.1111377753E+02    0.1161254063E+02    0.1183041715E+02    0.3122708426E+02    0.3416241320E+02    0.3782982620E+02    0.3962366798E+02    0.4213240202E+02    0.4288043859E+02
    0.3427048838E+01    0.1089708189E+02    0.1153043174E+02    0.1174561351E+02    0.3118731376E+02    0.3415494063E+02    0.3776694064E+02    0.3964358979E+02    0.4206067300E+02    0.4290079225E+02
    0.3437859718E+01    0.1066095107E+02    0.1145376377E+02    0.1165673707E+02    0.3114559623E+02    0.3414633495E+02    0.3770218415E+02    0.3966179211E+02    0.4198539801E+02    0.4292218222E+02
    0.3448670597E+01    0.1041036864E+02    0.1137830655E+02    0.1156398299E+02    0.3110197596E+02    0.3413652987E+02    0.3763562800E+02    0.3967778667E+02    0.4190700779E+02    0.4294458410E+02
    0.3459481477E+01    0.1014826944E+02    0.1130193383E+02    0.1146755793E+02    0.3105649354E+02    0.3412546616E+02    0.3756733237E+02    0.3969097112E+02    0.4182606994E+02    0.4296797428E+02
    0.3470292356E+01    0.9876640305E+01    0.1122352641E+02    0.1136767956E+02    0.3100918590E+02    0.3411309235E+02    0.3749734823E+02    0.3970059612E+02    0.4174332084E+02    0.4299233021E+02
    0.3481103236E+01    0.9597040324E+01    0.1114245657E+02    0.1126457588E+02    0.3096008658E+02    0.3409936522E+02    0.3742571898E+02    0.3970572943E+02    0.4165970076E+02    0.4301763049E+02
    0.3491914116E+01    0.9310842954E+01    0.1105835149E+02    0.1115848446E+02    0.3090922608E+02    0.3408425015E+02    0.3735248181E+02    0.3970522128E+02    0.4157638788E+02    0.4304385505E+02
    0.3502724995E+01    0.9019356120E+01    0.1097097970E+02    0.1104965147E+02    0.3085663225E+02    0.3406772147E+02    0.3727766889E+02    0.3969768053E+02    0.4149482156E+02    0.4307098521E+02
    0.3513535875E+01    0.8723887642E+01    0.1088019337E+02    0.1093833059E+02    0.3080233095E+02    0.3404976261E+02    0.3720130835E+02    0.3968147789E+02    0.4141669865E+02    0.4309900368E+02
    0.3524346755E+01    0.8425785182E+01    0.1078589721E+02    0.1082478174E+02    0.3074634658E+02    0.3403036614E+02    0.3712342510E+02    0.3965479918E+02    0.4134391980E+02    0.4312789456E+02
    0.3535157634E+01    0.8126463904E+01    0.1068803098E+02    0.1070926963E+02    0.3068870285E+02    0.3400953379E+02    0.3704404158E+02    0.3961577087E+02    0.4127846349E+02    0.4315764320E+02
    0.3545968514E+01    0.7827428090E+01    0.1058655908E+02    0.1059206218E+02    0.3062942354E+02    0.3398727628E+02    0.3696317828E+02    0.3956266202E+02    0.4122218371E+02    0.4318823612E+02
    0.3556779393E+01    0.7530289618E+01    0.1047342879E+02    0.1048146430E+02    0.3056853330E+02    0.3396361313E+02    0.3688085422E+02    0.3949412782E+02    0.4117656604E+02    0.4321966077E+02
    0.3567590273E+01    0.7236784489E+01    0.1035363843E+02    0.1037274387E+02    0.3050605848E+02    0.3393857231E+02    0.3679708713E+02    0.3940941823E+02    0.4114251874E+02    0.4325190530E+02
    0.3578401153E+01    0.6948787393E+01    0.1023295763E+02    0.1026040705E+02    0.3044202796E+02    0.3391218992E+02    0.3671189364E+02    0.3930846890E+02    0.4112028154E+02    0.4328495827E+02
    0.3589212032E+01    0.6668323351E+01    0.1011164835E+02    0.1014447357E+02    0.3037647407E+02    0.3388450967E+02    0.3662528911E+02    0.3919184154E+02    0.4110948513E+02    0.4331880837E+02
    0.3600022912E+01    0.6397574442E+01    0.9989965733E+01    0.1002497281E+02    0.3030943330E+02    0.3385558237E+02    0.3653728728E+02    0.3906055258E+02    0.4110932252E+02    0.4335344400E+02
    0.3610833791E+01    0.6138878489E+01    0.9868155783E+01    0.9901943390E+01    0.3024094721E+02    0.3382546539E+02    0.3644789961E+02    0.3891586853E+02    0.4111875390E+02    0.4338885295E+02
    0.3621644671E+01    0.5894715336E+01    0.9746453008E+01    0.9775433203E+01    0.3017106307E+02    0.3379422198E+02    0.3635713420E+02    0.3875913293E+02    0.4113668021E+02    0.4342502201E+02
    0.3632455551E+01    0.5667675231E+01    0.9625078028E+01    0.9645499732E+01    0.3009983458E+02    0.3376192067E+02    0.3626499417E+02    0.3859165289E+02    0.4116205754E+02    0.4346193658E+02
    0.3643266430E+01    0.5460403245E+01    0.9504235197E+01    0.9512210710E+01    0.3002732244E+02    0.3372863456E+02    0.3617147545E+02    0.3841464210E+02    0.4119395572E+02    0.4349958031E+02
    0.3654077310E+01    0.5275514273E+01    0.9375645125E+01    0.9384110275E+01    0.2995359484E+02    0.3369444063E+02    0.3607656351E+02    0.3822920436E+02    0.4123157716E+02    0.4353793474E+02
    0.3664888190E+01    0.5115475940E+01    0.9235894621E+01    0.9264868190E+01    0.2987872782E+02    0.3365941909E+02    0.3598022900E+02    0.3803634117E+02    0.4127425283E+02    0.4357697898E+02
    0.3675699069E+01    0.4982462193E+01    0.9093065398E+01    0.9146650929E+01    0.2980280552E+02    0.3362365265E+02    0.3588242149E+02    0.3783697179E+02    0.4132142750E+02    0.4361668943E+02
    0.3686509949E+01    0.4878188491E+01    0.8947280766E+01    0.9029575603E+01    0.2972592030E+02    0.3358722590E+02    0.3578306085E+02    0.3763195908E+02    0.4137264150E+02    0.4365703955E+02
    0.3697320828E+01    0.4803748410E+01    0.8798684604E+01    0.8913732734E+01    0.2964817273E+02    0.3355022471E+02    0.3568202511E+02    0.3742213846E+02    0.4142751297E+02    0.4369799968E+02
    0.3708131708E+01    0.4759477878E+01    0.8647446125E+01    0.8799184798E+01    0.2956967134E+02    0.3351273558E+02    0.3557913327E+02    0.3720834977E+02    0.4148572199E+02    0.4373953692E+02
    0.3718942588E+01    0.4744873023E+01    0.8493766576E+01    0.8685965081E+01    0.2949053237E+02    0.3347484515E+02    0.3547412096E+02    0.3699147387E+02    0.4154699730E+02    0.4378161508E+02
    0.3729753467E+01    0.4758578629E+01    0.8337888900E+01    0.8574076864E+01    0.2941087927E+02    0.3343663969E+02    0.3536660586E+02    0.3677247690E+02    0.4161110539E+02    0.4382419469E+02
    0.3740564347E+01    0.4798447999E+01    0.8180112088E+01    0.8463492988E+01    0.2933084205E+02    0.3339820467E+02    0.3525603939E+02    0.3655246632E+02    0.4167784172E+02    0.4386723304E+02
    0.3751375226E+01    0.4861657061E+01    0.8020813138E+01    0.8354155815E+01    0.2925055654E+02    0.3335962435E+02    0.3514164113E+02    0.3633276217E+02    0.4174702372E+02    0.4391068439E+02
    0.3762186106E+01    0.4944841618E+01    0.7860481796E+01    0.8245977605E+01    0.2917016350E+02    0.3332098146E+02    0.3502231685E+02    0.3611498352E+02    0.4181848522E+02    0.4395450010E+02
    0.3772996986E+01    0.5044219491E+01    0.7699777442E+01    0.8138841320E+01    0.2908980764E+02    0.3328235691E+02    0.3489657436E+02    0.3590113577E+02    0.4189207204E+02    0.4399862892E+02
    0.3783807865E+01    0.5155656264E+01    0.7539625639E+01    0.8032601847E+01    0.2900963644E+02    0.3324382954E+02    0.3476248362E+02    0.3569365283E+02    0.4196763856E+02    0.4404301727E+02
    0.3794618745E+01    0.5274626600E+01    0.7381387891E+01    0.7927087638E+01    0.2892979907E+02    0.3320547594E+02    0.3461778068E+02    0.3549529476E+02    0.4204504489E+02    0.4408760956E+02
    0.3805429625E+01    0.5396001637E+01    0.7227169200E+01    0.7822102742E+01    0.2885044503E+02    0.3316737024E+02    0.3446024389E+02    0.3530877244E+02    0.4212415482E+02    0.4413234860E+02
    0.3816240504E+01    0.5513546691E+01    0.7080381318E+01    0.7717429193E+01    0.2877172294E+02    0.3312958403E+02    0.3428835222E+02    0.3513608980E+02    0.4220483404E+02    0.4417717591E+02
    0.3827051384E+01    0.5618969395E+01    0.6946727555E+01    0.7612829722E+01    0.2869377920E+02    0.3309218623E+02    0.3410191865E+02    0.3497791053E+02    0.4228694892E+02    0.4422203217E+02
    0.3837862263E+01    0.5700573406E+01    0.6835561246E+01    0.7508050740E+01    0.2861675670E+02    0.3305524298E+02    0.3390222024E+02    0.3483342779E+02    0.4237036551E+02    0.4426685757E+02
    0.3848673143E+01    0.5743030575E+01    0.6760111685E+01    0.7402825538E+01    0.2854079350E+02    0.3301881759E+02    0.3369151816E+02    0.3470084374E+02    0.4245494881E+02    0.4431159223E+02
    0.3859484023E+01    0.5732730922E+01    0.6732123672E+01    0.7296877651E+01    0.2846602169E+02    0.3298297048E+02    0.3347237059E+02    0.3457805597E+02    0.4254056229E+02    0.4435617650E+02
    0.3870294902E+01    0.5668414599E+01    0.6751210549E+01    0.7189924309E+01    0.2839256618E+02    0.3294775910E+02    0.3324714657E+02    0.3446314292E+02    0.4262706755E+02    0.4440055134E+02
    0.3881105782E+01    0.5562175855E+01    0.6803833438E+01    0.7081679934E+01    0.2832054367E+02    0.3291323787E+02    0.3301783013E+02    0.3435455874E+02    0.4271432412E+02    0.4444465859E+02
    0.3891916661E+01    0.5428754171E+01    0.6873993290E+01    0.6971859599E+01    0.2825006174E+02    0.3278601069E+02    0.3287945814E+02    0.3425114189E+02    0.4280218945E+02    0.4448844128E+02
    0.3902727541E+01    0.5278873804E+01    0.6860182409E+01    0.6949875477E+01    0.2818121804E+02    0.3255294725E+02    0.3284646810E+02    0.3415204998E+02    0.4289051892E+02    0.4453184377E+02
    0.3913538421E+01    0.5119104823E+01    0.6746374729E+01    0.7023974379E+01    0.2811409967E+02    0.3231964451E+02    0.3281431273E+02    0.3405668252E+02    0.4297916599E+02    0.4457481201E+02
    0.3924349300E+01    0.4953366628E+01    0.6630173228E+01    0.7091577090E+01    0.2804878270E+02    0.3208691785E+02    0.3278303369E+02    0.3396461491E+02    0.4306798237E+02    0.4461729363E+02
    0.3935160180E+01    0.4784075920E+01    0.6511327676E+01    0.7149604291E+01    0.2798533187E+02    0.3185544277E+02    0.3275266930E+02    0.3387554816E+02    0.4315681828E+02    0.4465923804E+02
    0.3945971060E+01    0.4612806064E+01    0.6389603478E+01    0.7195941166E+01    0.2792380050E+02    0.3162579041E+02    0.3272325436E+02    0.3378927242E+02    0.4324552273E+02    0.4470059649E+02
    0.3956781939E+01    0.4440644009E+01    0.6264783900E+01    0.7229072016E+01    0.2786423052E+02    0.3139845285E+02    0.3269482016E+02    0.3370564115E+02    0.4333394383E+02    0.4474132207E+02
    0.3967592819E+01    0.4268384646E+01    0.6136671965E+01    0.7247878434E+01    0.2780665278E+02    0.3117386088E+02    0.3266739429E+02    0.3362455280E+02    0.4342192911E+02    0.4478136969E+02
    0.3978403698E+01    0.4096639523E+01    0.6005092025E+01    0.7251523943E+01    0.2775108739E+02    0.3095239670E+02    0.3264100063E+02    0.3354593796E+02    0.4350932588E+02    0.4482069604E+02
    0.3989214578E+01    0.3925899598E+01    0.5869890977E+01    0.7239385166E+01    0.2769754442E+02    0.3073440321E+02    0.3261565920E+02    0.3346975012E+02    0.4359598153E+02    0.4485925952E+02
    0.4000025458E+01    0.3756572561E+01    0.5730939149E+01    0.7211008830E+01    0.2764602452E+02    0.3052019086E+02    0.3259138610E+02    0.3339595915E+02    0.4368174390E+02    0.4489702013E+02
    0.4010836337E+01    0.3589005622E+01    0.5588130846E+01    0.7166083561E+01    0.2759651990E+02    0.3031004309E+02    0.3256819345E+02    0.3332454658E+02    0.4376646162E+02    0.4493393937E+02
    0.4021647217E+01    0.3423499702E+01    0.5441384577E+01    0.7104420385E+01    0.2754901521E+02    0.3010422062E+02    0.3254608932E+02    0.3325550216E+02    0.4384998441E+02    0.4496998016E+02
    0.4032458096E+01    0.3260318396E+01    0.5290642988E+01    0.7025938482E+01    0.2750348866E+02    0.2990296524E+02    0.3252507770E+02    0.3318882144E+02    0.4393216338E+02    0.4500510668E+02
    0.4043268976E+01    0.3099693665E+01    0.5135872517E+01    0.6930654169E+01    0.2745991314E+02    0.2970650306E+02    0.3250515847E+02    0.3312450395E+02    0.4401285139E+02    0.4503928429E+02
    0.4054079856E+01    0.2941829436E+01    0.4977062798E+01    0.6818671883E+01    0.2741825734E+02    0.2951504748E+02    0.3248632744E+02    0.3306255191E+02    0.4409190328E+02    0.4507247942E+02
    0.4064890735E+01    0.2786903844E+01    0.4814225848E+01    0.6690176434E+01    0.2737848693E+02    0.2932880203E+02    0.3246857639E+02    0.3300296930E+02    0.4416917618E+02    0.4510465946E+02
    0.4075701615E+01    0.2635070565E+01    0.4647395071E+01    0.6545426082E+01    0.2734056570E+02    0.2914796294E+02    0.3245189315E+02    0.3294576120E+02    0.4424452977E+02    0.4513579274E+02
    0.4086512495E+01    0.2486459547E+01    0.4476624095E+01    0.6384746140E+01    0.2730445660E+02    0.2897272156E+02    0.3243626171E+02    0.3289093334E+02    0.4431782656E+02    0.4516584839E+02
    0.4097323374E+01    0.2341177341E+01    0.4301985499E+01    0.6208522983E+01    0.2727012282E+02    0.2880326651E+02    0.3242166243E+02    0.3283849174E+02    0.4438893211E+02    0.4519479637E+02
    0.4108134254E+01    0.2199307156E+01    0.4123569438E+01    0.6017198356E+01    0.2723752862E+02    0.2863978565E+02    0.3240807220E+02    0.3278844251E+02    0.4445771531E+02    0.4522260740E+02
    0.4118945133E+01    0.2060908743E+01    0.3941482209E+01    0.5811263946E+01    0.2720664022E+02    0.2848246770E+02    0.3239546473E+02    0.3274079173E+02    0.4452404863E+02    0.4524925300E+02
    0.4129756013E+01    0.1926018172E+01    0.3755844785E+01    0.5591256233E+01    0.2717742639E+02    0.2833150343E+02    0.3238381083E+02    0.3269554532E+02    0.4458780833E+02    0.4527470548E+02
    0.4140566893E+01    0.1794647545E+01    0.3566791342E+01    0.5357751601E+01    0.2714985907E+02    0.2818708661E+02    0.3237307874E+02    0.3265270900E+02    0.4464887472E+02    0.4529893798E+02
    0.4151377772E+01    0.1666784703E+01    0.3374467794E+01    0.5111361744E+01    0.2712391370E+02    0.2804941435E+02    0.3236323456E+02    0.3261228830E+02    0.4470713238E+02    0.4532192459E+02
    0.4162188652E+01    0.1542392927E+01    0.3179030368E+01    0.4852729384E+01    0.2709956950E+02    0.2791868715E+02    0.3235424263E+02    0.3257428849E+02    0.4476247040E+02    0.4534364039E+02
    0.4172999531E+01    0.1421410682E+01    0.2980644232E+01    0.4582524297E+01    0.2707680958E+02    0.2779510835E+02    0.3234606596E+02    0.3253871459E+02    0.4481478257E+02    0.4536406157E+02
    0.4183810411E+01    0.1303751407E+01    0.2779482173E+01    0.4301439678E+01    0.2705562091E+02    0.2767888328E+02    0.3233866677E+02    0.3250557140E+02    0.4486396762E+02    0.4538316558E+02
    0.4194621291E+01    0.1189303349E+01    0.2575723349E+01    0.4010188820E+01    0.2703599418E+02    0.2757021782E+02    0.3233200694E+02    0.3247486345E+02    0.4490992942E+02    0.4540093125E+02
    0.4205432170E+01    0.1077929433E+01    0.2369552094E+01    0.3709502110E+01    0.2701792352E+02    0.2746931676E+02    0.3232604853E+02    0.3244659506E+02    0.4495257713E+02    0.4541733898E+02
    0.4216243050E+01    0.9694671008E+00    0.2161156763E+01    0.3400124307E+01    0.2700140619E+02    0.2737638168E+02    0.3232075428E+02    0.3242077024E+02    0.4499182545E+02    0.4543237090E+02
    0.4227053930E+01    0.8637279900E+00    0.1950728569E+01    0.3082812052E+01    0.2698644209E+02    0.2729160869E+02    0.3231608815E+02    0.3239739278E+02    0.4502759476E+02    0.4544601102E+02
    0.4237864809E+01    0.7604971455E+00    0.1738460301E+01    0.2758331531E+01    0.2697303334E+02    0.2721518588E+02    0.3231201579E+02    0.3237646617E+02    0.4505981133E+02    0.4545824535E+02
    0.4248675689E+01    0.6595310740E+00    0.1524544722E+01    0.2427456121E+01    0.2696118371E+02    0.2714729074E+02    0.3230850501E+02    0.3235799360E+02    0.4508840758E+02    0.4546906206E+02
    0.4259486568E+01    0.5605529867E+00    0.1309172101E+01    0.2090963685E+01    0.2695089813E+02    0.2708808754E+02    0.3230552626E+02    0.3234197796E+02    0.4511332230E+02    0.4547845144E+02
    0.4270297448E+01    0.4632408377E+00    0.1092525547E+01    0.1749632640E+01    0.2694218213E+02    0.2703772474E+02    0.3230305302E+02    0.3232842180E+02    0.4513450103E+02    0.4548640590E+02
    0.4281108328E+01    0.3671946959E+00    0.8747700872E+00    0.1404234286E+01    0.2693504135E+02    0.2699633259E+02    0.3230106218E+02    0.3231732732E+02    0.4515189645E+02    0.4549291979E+02
    0.4291919207E+01    0.2718324069E+00    0.6560206016E+00    0.1055512184E+01    0.2692948110E+02    0.2696402092E+02    0.3229953437E+02    0.3230869635E+02    0.4516546881E+02    0.4549798921E+02
    0.4302730087E+01    0.1759394855E+00    0.4362134542E+00    0.7041025473E+00    0.2692550595E+02    0.2694087726E+02    0.3229845424E+02    0.3230253033E+02    0.4517518649E+02    0.4550161161E+02
    0.4313540966E+01    0.7367748768E-01    0.2141845209E+00    0.3499765025E+00    0.2692311939E+02    0.2692696527E+02    0.3229781066E+02    0.3229883030E+02    0.4518102644E+02    0.4550378553E+02
