    0.0000000000E+00   -0.5514943780E-01   -0.4817195660E-01   -0.4817195043E-01    0.2692232362E+02    0.2692232362E+02    0.3229759689E+02    0.3229759689E+02    0.4518297466E+02    0.4550451025E+02
    0.1872499277E-01    0.1480375362E+00    0.3781328983E+00    0.6092839400E+00    0.2692471280E+02    0.2693623982E+02    0.3229823963E+02    0.3230129673E+02    0.4517713236E+02    0.4550233621E+02
    0.3744998554E-01    0.3127595237E+00    0.7600437411E+00    0.1217092287E+01    0.2693190050E+02    0.2697784530E+02    0.3230019185E+02    0.3231239073E+02    0.4515964786E+02    0.4549581590E+02
    0.5617497830E-01    0.4772807517E+00    0.1139290349E+01    0.1815634039E+01    0.2694394592E+02    0.2704671733E+02    0.3230352598E+02    0.3233086169E+02    0.4513064768E+02    0.4548495477E+02
    0.7489997107E-01    0.6457485243E+00    0.1515820129E+01    0.2401117518E+01    0.2696094374E+02    0.2714217233E+02    0.3230836455E+02    0.3235667895E+02    0.4509034053E+02    0.4546976171E+02
    0.9362496384E-01    0.8200363559E+00    0.1888957098E+01    0.2969433573E+01    0.2698301849E+02    0.2726329471E+02    0.3231488302E+02    0.3238979550E+02    0.4503901403E+02    0.4545024892E+02
    0.1123499566E+00    0.1001516203E+01    0.2257915844E+01    0.3516504189E+01    0.2701031724E+02    0.2740897171E+02    0.3232331438E+02    0.3243014429E+02    0.4497703041E+02    0.4542643158E+02
    0.1310749494E+00    0.1191273517E+01    0.2621872746E+01    0.4038366218E+01    0.2704300121E+02    0.2757792975E+02    0.3233395585E+02    0.3247763401E+02    0.4490482110E+02    0.4539832768E+02
    0.1497999421E+00    0.1390148941E+01    0.2979982457E+01    0.4531230164E+01    0.2708123692E+02    0.2776876702E+02    0.3234717850E+02    0.3253214455E+02    0.4482288047E+02    0.4536595772E+02
    0.1685249349E+00    0.1598747966E+01    0.3331382459E+01    0.4991541106E+01    0.2712518759E+02    0.2797997690E+02    0.3236344111E+02    0.3259352264E+02    0.4473175896E+02    0.4532934468E+02
    0.1872499277E+00    0.1817445317E+01    0.3675194355E+01    0.5416046897E+01    0.2717500545E+02    0.2820995730E+02    0.3238330961E+02    0.3266157788E+02    0.4463205562E+02    0.4528851418E+02
    0.2059749204E+00    0.2046390367E+01    0.4010524461E+01    0.5801873902E+01    0.2723082554E+02    0.2845700124E+02    0.3240748464E+02    0.3273607954E+02    0.4452441045E+02    0.4524349490E+02
    0.2246999132E+00    0.2285514946E+01    0.4336464765E+01    0.6146608516E+01    0.2729276152E+02    0.2871926490E+02    0.3243684043E+02    0.3281675422E+02    0.4440949658E+02    0.4519431959E+02
    0.2434249060E+00    0.2534543395E+01    0.4652094955E+01    0.6448381354E+01    0.2736090374E+02    0.2899470922E+02    0.3247247952E+02    0.3290328484E+02    0.4428801263E+02    0.4514102639E+02
    0.2621498987E+00    0.2793004291E+01    0.4956486142E+01    0.6705950087E+01    0.2743531988E+02    0.2928101160E+02    0.3251580914E+02    0.3299531067E+02    0.4416067530E+02    0.4508366092E+02
    0.2808748915E+00    0.3060243069E+01    0.5248706994E+01    0.6918776484E+01    0.2751605783E+02    0.2957544454E+02    0.3256864554E+02    0.3309242881E+02    0.4402821237E+02    0.4502227877E+02
    0.2995998843E+00    0.3335434597E+01    0.5527833147E+01    0.7087093285E+01    0.2760315071E+02    0.2987472172E+02    0.3263334919E+02    0.3319419677E+02    0.4389135629E+02    0.4495694848E+02
    0.3183248770E+00    0.3617594501E+01    0.5792961070E+01    0.7211957133E+01    0.2769662350E+02    0.3017482511E+02    0.3271298077E+02    0.3330013633E+02    0.4375083835E+02    0.4488775485E+02
    0.3370498698E+00    0.3905587564E+01    0.6043227993E+01    0.7295284746E+01    0.2779650049E+02    0.3047086252E+02    0.3281143085E+02    0.3340973825E+02    0.4360738362E+02    0.4481480226E+02
    0.3557748626E+00    0.4198130707E+01    0.6277840342E+01    0.7339870491E+01    0.2790281301E+02    0.3075707949E+02    0.3293340102E+02    0.3352246798E+02    0.4346170648E+02    0.4473821780E+02
    0.3744998554E+00    0.4493786571E+01    0.6496114468E+01    0.7349384247E+01    0.2801560623E+02    0.3102724857E+02    0.3308401341E+02    0.3363777195E+02    0.4331450687E+02    0.4465815389E+02
    0.3932248481E+00    0.4790941142E+01    0.6697536035E+01    0.7328348476E+01    0.2813494457E+02    0.3127565904E+02    0.3326782505E+02    0.3375508448E+02    0.4316646705E+02    0.4457479007E+02
    0.4119498409E+00    0.5087754048E+01    0.6881849034E+01    0.7282092578E+01    0.2826091467E+02    0.3149858874E+02    0.3348736368E+02    0.3387383512E+02    0.4301824890E+02    0.4448833369E+02
    0.4306748337E+00    0.5382061448E+01    0.7049194036E+01    0.7216680716E+01    0.2839362545E+02    0.3169549776E+02    0.3374194357E+02    0.3399345623E+02    0.4287049146E+02    0.4439901932E+02
    0.4493998264E+00    0.5671195747E+01    0.7138806766E+01    0.7200330779E+01    0.2853320489E+02    0.3186903689E+02    0.3402766688E+02    0.3411339086E+02    0.4272380866E+02    0.4430710679E+02
    0.4681248192E+00    0.5951661093E+01    0.7055647439E+01    0.7337005382E+01    0.2867979343E+02    0.3202386208E+02    0.3423310076E+02    0.3433861772E+02    0.4257878696E+02    0.4421287776E+02
    0.4868498120E+00    0.6218577635E+01    0.6974663461E+01    0.7462548284E+01    0.2883353419E+02    0.3216515841E+02    0.3435207436E+02    0.3466834498E+02    0.4243598286E+02    0.4411663105E+02
    0.5055748047E+00    0.6464854033E+01    0.6903340842E+01    0.7582742466E+01    0.2899456051E+02    0.3229764307E+02    0.3446983470E+02    0.3501086388E+02    0.4229592002E+02    0.4401867679E+02
    0.5242997975E+00    0.6680451607E+01    0.6848871885E+01    0.7706597573E+01    0.2916298169E+02    0.3242517119E+02    0.3458594706E+02    0.3536105278E+02    0.4215908600E+02    0.4391932976E+02
    0.5430247903E+00    0.6817789727E+01    0.6853301690E+01    0.7845467448E+01    0.2933886766E+02    0.3255071878E+02    0.3470002612E+02    0.3571467160E+02    0.4202592863E+02    0.4381890229E+02
    0.5617497830E+00    0.6815589102E+01    0.6973995465E+01    0.8008390985E+01    0.2952223387E+02    0.3267651582E+02    0.3481174227E+02    0.3606822941E+02    0.4189685190E+02    0.4371769694E+02
    0.5804747758E+00    0.6846383778E+01    0.7041492822E+01    0.8196409157E+01    0.2971302718E+02    0.3280420486E+02    0.3492082689E+02    0.3641882696E+02    0.4177221185E+02    0.4361599960E+02
    0.5991997686E+00    0.6912658772E+01    0.7062576226E+01    0.8403131848E+01    0.2991111390E+02    0.3293497738E+02    0.3502707609E+02    0.3676402220E+02    0.4165231248E+02    0.4351407318E+02
    0.6179247613E+00    0.7015165539E+01    0.7046417292E+01    0.8620186592E+01    0.3011627051E+02    0.3306967803E+02    0.3513035272E+02    0.3710172968E+02    0.4153740210E+02    0.4341215239E+02
    0.6366497541E+00    0.7001049915E+01    0.7152980623E+01    0.8840755369E+01    0.3032817765E+02    0.3320888017E+02    0.3523058616E+02    0.3743015049E+02    0.4142767059E+02    0.4331043977E+02
    0.6553747469E+00    0.6932801227E+01    0.7323712186E+01    0.9060148180E+01    0.3054641755E+02    0.3335293952E+02    0.3532776984E+02    0.3774772601E+02    0.4132324789E+02    0.4320910329E+02
    0.6740997396E+00    0.6846797848E+01    0.7523808704E+01    0.9275295751E+01    0.3077047489E+02    0.3350203228E+02    0.3542195625E+02    0.3805310919E+02    0.4122420410E+02    0.4310827558E+02
    0.6928247324E+00    0.6747513702E+01    0.7748910667E+01    0.9484194494E+01    0.3099974083E+02    0.3365618257E+02    0.3551324958E+02    0.3834514778E+02    0.4113055152E+02    0.4300805476E+02
    0.7115497252E+00    0.6639139281E+01    0.7994191038E+01    0.9685522541E+01    0.3123351979E+02    0.3381528285E+02    0.3560179620E+02    0.3862287567E+02    0.4104224875E+02    0.4290850701E+02
    0.7302747179E+00    0.6525794951E+01    0.8254647028E+01    0.9878401930E+01    0.3147103846E+02    0.3397910980E+02    0.3568777340E+02    0.3888550869E+02    0.4095920689E+02    0.4280967054E+02
    0.7489997107E+00    0.6411637863E+01    0.8525325468E+01    0.1006225395E+02    0.3171145651E+02    0.3414733755E+02    0.3577137708E+02    0.3913244270E+02    0.4088129756E+02    0.4271156090E+02
    0.7677247035E+00    0.6300895988E+01    0.8801480185E+01    0.1023670960E+02    0.3195387835E+02    0.3431954914E+02    0.3585280889E+02    0.3936325165E+02    0.4080836266E+02    0.4261417744E+02
    0.7864496962E+00    0.6197846962E+01    0.9078669753E+01    0.1040155236E+02    0.3219736554E+02    0.3449524725E+02    0.3593226394E+02    0.3957768411E+02    0.4074022510E+02    0.4251751054E+02
    0.8051746890E+00    0.6106750250E+01    0.9352808235E+01    0.1055668016E+02    0.3244094921E+02    0.3467386431E+02    0.3600991958E+02    0.3977565702E+02    0.4067670025E+02    0.4242154971E+02
    0.8238996818E+00    0.6031737779E+01    0.9620181950E+01    0.1070207925E+02    0.3268364209E+02    0.3485477225E+02    0.3608592618E+02    0.3995724560E+02    0.4061760742E+02    0.4232629208E+02
    0.8426246745E+00    0.5976669755E+01    0.9877443672E+01    0.1083780548E+02    0.3292444980E+02    0.3503729189E+02    0.3616040041E+02    0.4012266871E+02    0.4056278076E+02    0.4223175162E+02
    0.8613496673E+00    0.5944967391E+01    0.1012159337E+02    0.1096397079E+02    0.3316238097E+02    0.3522070163E+02    0.3623342172E+02    0.4027226912E+02    0.4051207918E+02    0.4213796904E+02
    0.8800746601E+00    0.5939440986E+01    0.1034995229E+02    0.1108073310E+02    0.3339645590E+02    0.3540424527E+02    0.3630503207E+02    0.4040648799E+02    0.4046539477E+02    0.4204502301E+02
    0.8987996528E+00    0.5962137221E+01    0.1056013540E+02    0.1118828881E+02    0.3362571339E+02    0.3558713846E+02    0.3637523939E+02    0.4042265934E+02    0.4052583310E+02    0.4195304372E+02
    0.9175246456E+00    0.6014230620E+01    0.1075002545E+02    0.1128686730E+02    0.3384921546E+02    0.3576857344E+02    0.3644402466E+02    0.4038384887E+02    0.4063083939E+02    0.4186223086E+02
    0.9362496384E+00    0.6095978692E+01    0.1091775119E+02    0.1137672683E+02    0.3406604980E+02    0.3594772142E+02    0.3651135267E+02    0.4034898556E+02    0.4072201929E+02    0.4177287965E+02
    0.9549746311E+00    0.6206748962E+01    0.1106167106E+02    0.1145815164E+02    0.3427532955E+02    0.3612373211E+02    0.3657718615E+02    0.4031813747E+02    0.4079979716E+02    0.4168542221E+02
    0.9736996239E+00    0.6345112264E+01    0.1118036337E+02    0.1153144988E+02    0.3447619063E+02    0.3629572974E+02    0.3664150309E+02    0.4029141550E+02    0.4086441684E+02    0.4160049727E+02
    0.9924246167E+00    0.6508984866E+01    0.1127262327E+02    0.1159695203E+02    0.3466778671E+02    0.3646280498E+02    0.3670431646E+02    0.4026896807E+02    0.4091580158E+02    0.4151907073E+02
    0.1011149609E+01    0.6695795947E+01    0.1133746666E+02    0.1165500980E+02    0.3484928261E+02    0.3662400195E+02    0.3676569524E+02    0.4025097331E+02    0.4095333945E+02    0.4144263675E+02
    0.1029874602E+01    0.6902657360E+01    0.1137414077E+02    0.1170599500E+02    0.3501984770E+02    0.3677829993E+02    0.3682578471E+02    0.4023762933E+02    0.4097561151E+02    0.4137348404E+02
    0.1048599595E+01    0.7126517915E+01    0.1138214098E+02    0.1175029847E+02    0.3517865201E+02    0.3688482281E+02    0.3692458936E+02    0.4022914293E+02    0.4098036160E+02    0.4131473066E+02
    0.1067324588E+01    0.7364291691E+01    0.1136123346E+02    0.1178832876E+02    0.3532486916E+02    0.3694314791E+02    0.3706164234E+02    0.4022571740E+02    0.4096567194E+02    0.4126916456E+02
    0.1086049581E+01    0.7612956719E+01    0.1131148289E+02    0.1182051056E+02    0.3545769143E+02    0.3700119206E+02    0.3718807867E+02    0.4022754029E+02    0.4093269027E+02    0.4123654425E+02
    0.1104774573E+01    0.7869625305E+01    0.1123328474E+02    0.1184728274E+02    0.3557636225E+02    0.3705945371E+02    0.3730233032E+02    0.4023477194E+02    0.4088648370E+02    0.4121278296E+02
    0.1123499566E+01    0.8131590061E+01    0.1112740155E+02    0.1186909620E+02    0.3568022886E+02    0.3711844683E+02    0.3740260915E+02    0.4024753577E+02    0.4083307416E+02    0.4119295665E+02
    0.1142224559E+01    0.8396350741E+01    0.1099500254E+02    0.1188641132E+02    0.3576881103E+02    0.3717863001E+02    0.3748688635E+02    0.4026591103E+02    0.4077693431E+02    0.4117384921E+02
    0.1160949552E+01    0.8661626832E+01    0.1083770608E+02    0.1189969548E+02    0.3584187270E+02    0.3724032871E+02    0.3755289519E+02    0.4028992846E+02    0.4072072449E+02    0.4115424194E+02
    0.1179674544E+01    0.8925360120E+01    0.1065762417E+02    0.1190942056E+02    0.3589947573E+02    0.3730367179E+02    0.3759817138E+02    0.4031956906E+02    0.4066578019E+02    0.4113442309E+02
    0.1198399537E+01    0.9185710431E+01    0.1045740785E+02    0.1191606090E+02    0.3594199620E+02    0.3736856247E+02    0.3762014355E+02    0.4035476568E+02    0.4061249899E+02    0.4111575453E+02
    0.1217124530E+01    0.9441046788E+01    0.1024029169E+02    0.1192009214E+02    0.3597009503E+02    0.3743469300E+02    0.3761627862E+02    0.4039540690E+02    0.4056057613E+02    0.4110034014E+02
    0.1235849523E+01    0.9689935231E+01    0.1001013448E+02    0.1192199134E+02    0.3598465168E+02    0.3750159538E+02    0.3758427142E+02    0.4044134235E+02    0.4050922285E+02    0.4109067049E+02
    0.1254574515E+01    0.9771450979E+01    0.9931123609E+01    0.1192223964E+02    0.3598668098E+02    0.3752225020E+02    0.3756870922E+02    0.4045745981E+02    0.4049238861E+02    0.4108917774E+02
    0.1273299508E+01    0.9529427384E+01    0.1016352257E+02    0.1192132868E+02    0.3597725426E+02    0.3742895912E+02    0.3763544675E+02    0.4040446051E+02    0.4054833495E+02    0.4109776245E+02
    0.1292024501E+01    0.9289909166E+01    0.1038618037E+02    0.1191977381E+02    0.3595743804E+02    0.3730388318E+02    0.3770124220E+02    0.4034981701E+02    0.4060894816E+02    0.4111745231E+02
    0.1310749494E+01    0.9059346126E+01    0.1059824644E+02    0.1191813911E+02    0.3592825485E+02    0.3714730013E+02    0.3776558200E+02    0.4029361408E+02    0.4067397619E+02    0.4114831975E+02
    0.1329474486E+01    0.8844675879E+01    0.1079891315E+02    0.1191708469E+02    0.3589066335E+02    0.3696026538E+02    0.3782801831E+02    0.4023631847E+02    0.4074315030E+02    0.4118964363E+02
    0.1348199479E+01    0.8653125952E+01    0.1098731392E+02    0.1191745811E+02    0.3584555297E+02    0.3674455009E+02    0.3788817104E+02    0.4017858757E+02    0.4081618590E+02    0.4124018871E+02
    0.1366924472E+01    0.8491919244E+01    0.1116233053E+02    0.1192047653E+02    0.3579374741E+02    0.3650255460E+02    0.3794572351E+02    0.4012109947E+02    0.4089278215E+02    0.4129847675E+02
    0.1385649465E+01    0.8367880981E+01    0.1132221307E+02    0.1192809590E+02    0.3573601311E+02    0.3623721451E+02    0.3800041543E+02    0.4006444943E+02    0.4097262071E+02    0.4136298596E+02
    0.1404374458E+01    0.8286968973E+01    0.1146386563E+02    0.1194371381E+02    0.3567306947E+02    0.3595190900E+02    0.3805203580E+02    0.4000910942E+02    0.4105536391E+02    0.4143227120E+02
    0.1423099450E+01    0.8253779188E+01    0.1158195337E+02    0.1197304994E+02    0.3560559938E+02    0.3565037496E+02    0.3810041682E+02    0.3995542873E+02    0.4114065275E+02    0.4150502306E+02
    0.1441824443E+01    0.8271104982E+01    0.1166998451E+02    0.1202305051E+02    0.3533662635E+02    0.3553425877E+02    0.3814542942E+02    0.3990365427E+02    0.4122810500E+02    0.4158008747E+02
    0.1460549436E+01    0.8339636119E+01    0.1172687907E+02    0.1209530461E+02    0.3501487616E+02    0.3545968480E+02    0.3818698049E+02    0.3985395611E+02    0.4131731377E+02    0.4165646328E+02
    0.1479274429E+01    0.8457862844E+01    0.1176077199E+02    0.1218222496E+02    0.3468945799E+02    0.3538250247E+02    0.3822501145E+02    0.3980645066E+02    0.4140784659E+02    0.4173328887E+02
    0.1497999421E+01    0.8622204461E+01    0.1178164099E+02    0.1227440287E+02    0.3436474447E+02    0.3530332965E+02    0.3825949787E+02    0.3976121851E+02    0.4149924540E+02    0.4180982486E+02
    0.1516724414E+01    0.8827329309E+01    0.1179595011E+02    0.1236594676E+02    0.3404506052E+02    0.3522278050E+02    0.3829044976E+02    0.3971831660E+02    0.4159102735E+02    0.4188543618E+02
    0.1535449407E+01    0.9066595989E+01    0.1180710241E+02    0.1245401125E+02    0.3373459087E+02    0.3514146752E+02    0.3831791209E+02    0.3967778542E+02    0.4168268658E+02    0.4195957549E+02
    0.1554174400E+01    0.9332536215E+01    0.1181683659E+02    0.1253738277E+02    0.3343728153E+02    0.3506000230E+02    0.3834196515E+02    0.3963965257E+02    0.4177369688E+02    0.4203176868E+02
    0.1572899392E+01    0.9617314625E+01    0.1182605387E+02    0.1261563591E+02    0.3315673692E+02    0.3497899518E+02    0.3836272454E+02    0.3960393386E+02    0.4186351529E+02    0.4210160244E+02
    0.1591624385E+01    0.9913127018E+01    0.1183521788E+02    0.1268871856E+02    0.3289611491E+02    0.3489905387E+02    0.3838034051E+02    0.3957063327E+02    0.4195158642E+02    0.4216871416E+02
    0.1610349378E+01    0.1021252305E+02    0.1184454686E+02    0.1275674734E+02    0.3265802403E+02    0.3482078129E+02    0.3839499635E+02    0.3953974239E+02    0.4203734742E+02    0.4223278362E+02
    0.1629074371E+01    0.1050865517E+02    0.1185411089E+02    0.1281990122E+02    0.3244442874E+02    0.3474477269E+02    0.3840690595E+02    0.3951124037E+02    0.4212023352E+02    0.4229352646E+02
    0.1647799364E+01    0.1079546187E+02    0.1186388470E+02    0.1287836335E+02    0.3225657038E+02    0.3467161210E+02    0.3841631029E+02    0.3948509463E+02    0.4219968386E+02    0.4235068912E+02
    0.1666524356E+01    0.1106779287E+02    0.1187377902E+02    0.1293228857E+02    0.3209491280E+02    0.3460186840E+02    0.3842347292E+02    0.3946126255E+02    0.4227514764E+02    0.4240404502E+02
    0.1685249349E+01    0.1132148087E+02    0.1188366096E+02    0.1298178622E+02    0.3195912214E+02    0.3453609084E+02    0.3842867452E+02    0.3943969429E+02    0.4234609029E+02    0.4245339176E+02
    0.1703974342E+01    0.1155336106E+02    0.1189336882E+02    0.1302691288E+02    0.3184808892E+02    0.3447480438E+02    0.3843220664E+02    0.3942033634E+02    0.4241199955E+02    0.4249854911E+02
    0.1722699335E+01    0.1176123905E+02    0.1190272360E+02    0.1306767235E+02    0.3175999768E+02    0.3441850475E+02    0.3843436480E+02    0.3940313550E+02    0.4247239149E+02    0.4253935758E+02
    0.1741424327E+01    0.1191153873E+02    0.1194380903E+02    0.1310402080E+02    0.3169244496E+02    0.3436765336E+02    0.3843544110E+02    0.3938804276E+02    0.4252681616E+02    0.4257567745E+02
    0.1760149320E+01    0.1191962864E+02    0.1210052776E+02    0.1313587582E+02    0.3164260073E+02    0.3432267225E+02    0.3843571658E+02    0.3937501656E+02    0.4257486296E+02    0.4260738790E+02
    0.1778874313E+01    0.1192681623E+02    0.1223145391E+02    0.1316312809E+02    0.3160740308E+02    0.3428393921E+02    0.3843545365E+02    0.3936402480E+02    0.4261616548E+02    0.4263438642E+02
    0.1797599306E+01    0.1193293965E+02    0.1233706619E+02    0.1318565446E+02    0.3158377211E+02    0.3425178300E+02    0.3843488880E+02    0.3935504554E+02    0.4265040590E+02    0.4265658804E+02
    0.1816324298E+01    0.1193785809E+02    0.1241807571E+02    0.1320333139E+02    0.3156882626E+02    0.3422647913E+02    0.3843422581E+02    0.3934806614E+02    0.4267392467E+02    0.4267731882E+02
    0.1835049291E+01    0.1194145674E+02    0.1247524820E+02    0.1321604762E+02    0.3156008476E+02    0.3420824609E+02    0.3843362984E+02    0.3934308116E+02    0.4268634436E+02    0.4269669441E+02
    0.1853774284E+01    0.1194365071E+02    0.1250925032E+02    0.1322371507E+02    0.3155564128E+02    0.3419724226E+02    0.3843322255E+02    0.3934008962E+02    0.4269381060E+02    0.4270838097E+02
    0.1872499277E+01    0.1194438788E+02    0.1252053161E+02    0.1322627735E+02    0.3155429651E+02    0.3419356360E+02    0.3843307843E+02    0.3933909228E+02    0.4269630174E+02    0.4271228672E+02
    0.1891224270E+01    0.1194365071E+02    0.1250925032E+02    0.1322371507E+02    0.3155564128E+02    0.3419724226E+02    0.3843322255E+02    0.3934008962E+02    0.4269381060E+02    0.4270838097E+02
    0.1909949262E+01    0.1194145674E+02    0.1247524820E+02    0.1321604762E+02    0.3156008476E+02    0.3420824609E+02    0.3843362984E+02    0.3934308116E+02    0.4268634436E+02    0.4269669441E+02
    0.1928674255E+01    0.1193785809E+02    0.1241807570E+02    0.1320333139E+02    0.3156882626E+02    0.3422647913E+02    0.3843422581E+02    0.3934806614E+02    0.4267392467E+02    0.4267731882E+02
    0.1947399248E+01    0.1193293965E+02    0.1233706618E+02    0.1318565446E+02    0.3158377211E+02    0.3425178300E+02    0.3843488880E+02    0.3935504554E+02    0.4265040590E+02    0.4265658803E+02
    0.1966124241E+01    0.1192681623E+02    0.1223145390E+02    0.1316312808E+02    0.3160740308E+02    0.3428393921E+02    0.3843545365E+02    0.3936402480E+02    0.4261616547E+02    0.4263438641E+02
    0.1984849233E+01    0.1191962864E+02    0.1210052775E+02    0.1313587582E+02    0.3164260073E+02    0.3432267226E+02    0.3843571658E+02    0.3937501656E+02    0.4257486296E+02    0.4260738790E+02
    0.2003574226E+01    0.1191153873E+02    0.1194380902E+02    0.1310402080E+02    0.3169244497E+02    0.3436765336E+02    0.3843544110E+02    0.3938804276E+02    0.4252681616E+02    0.4257567744E+02
    0.2022299219E+01    0.1176123903E+02    0.1190272360E+02    0.1306767235E+02    0.3175999769E+02    0.3441850476E+02    0.3843436480E+02    0.3940313550E+02    0.4247239148E+02    0.4253935758E+02
    0.2041024212E+01    0.1155336104E+02    0.1189336882E+02    0.1302691288E+02    0.3184808893E+02    0.3447480439E+02    0.3843220664E+02    0.3942033634E+02    0.4241199955E+02    0.4249854910E+02
    0.2059749204E+01    0.1132148085E+02    0.1188366096E+02    0.1298178621E+02    0.3195912216E+02    0.3453609084E+02    0.3842867452E+02    0.3943969430E+02    0.4234609028E+02    0.4245339176E+02
    0.2078474197E+01    0.1106779285E+02    0.1187377901E+02    0.1293228857E+02    0.3209491281E+02    0.3460186840E+02    0.3842347292E+02    0.3946126255E+02    0.4227514764E+02    0.4240404501E+02
    0.2097199190E+01    0.1079546184E+02    0.1186388470E+02    0.1287836334E+02    0.3225657039E+02    0.3467161211E+02    0.3841631029E+02    0.3948509463E+02    0.4219968385E+02    0.4235068911E+02
    0.2115924183E+01    0.1050865515E+02    0.1185411089E+02    0.1281990121E+02    0.3244442876E+02    0.3474477269E+02    0.3840690595E+02    0.3951124037E+02    0.4212023351E+02    0.4229352646E+02
    0.2134649176E+01    0.1021252302E+02    0.1184454686E+02    0.1275674733E+02    0.3265802405E+02    0.3482078130E+02    0.3839499634E+02    0.3953974239E+02    0.4203734742E+02    0.4223278362E+02
    0.2153374168E+01    0.9913126991E+01    0.1183521788E+02    0.1268871855E+02    0.3289611493E+02    0.3489905387E+02    0.3838034051E+02    0.3957063327E+02    0.4195158642E+02    0.4216871416E+02
    0.2172099161E+01    0.9617314599E+01    0.1182605387E+02    0.1261563590E+02    0.3315673694E+02    0.3497899519E+02    0.3836272454E+02    0.3960393387E+02    0.4186351529E+02    0.4210160243E+02
    0.2190824154E+01    0.9332536190E+01    0.1181683659E+02    0.1253738276E+02    0.3343728155E+02    0.3506000231E+02    0.3834196515E+02    0.3963965257E+02    0.4177369687E+02    0.4203176867E+02
    0.2209549147E+01    0.9066595966E+01    0.1180710241E+02    0.1245401124E+02    0.3373459090E+02    0.3514146753E+02    0.3831791209E+02    0.3967778543E+02    0.4168268657E+02    0.4195957549E+02
    0.2228274139E+01    0.8827329289E+01    0.1179595011E+02    0.1236594675E+02    0.3404506055E+02    0.3522278051E+02    0.3829044976E+02    0.3971831660E+02    0.4159102734E+02    0.4188543617E+02
    0.2246999132E+01    0.8622204444E+01    0.1178164099E+02    0.1227440286E+02    0.3436474449E+02    0.3530332966E+02    0.3825949787E+02    0.3976121851E+02    0.4149924539E+02    0.4180982485E+02
    0.2265724125E+01    0.8457862831E+01    0.1176077199E+02    0.1218222495E+02    0.3468945802E+02    0.3538250248E+02    0.3822501145E+02    0.3980645066E+02    0.4140784658E+02    0.4173328886E+02
    0.2284449118E+01    0.8339636110E+01    0.1172687907E+02    0.1209530460E+02    0.3501487618E+02    0.3545968481E+02    0.3818698049E+02    0.3985395612E+02    0.4131731376E+02    0.4165646327E+02
    0.2303174110E+01    0.8271104978E+01    0.1166998451E+02    0.1202305050E+02    0.3533662638E+02    0.3553425878E+02    0.3814542942E+02    0.3990365427E+02    0.4122810500E+02    0.4158008747E+02
    0.2321899103E+01    0.8253779189E+01    0.1158195336E+02    0.1197304994E+02    0.3560559939E+02    0.3565037499E+02    0.3810041682E+02    0.3995542873E+02    0.4114065274E+02    0.4150502305E+02
    0.2340624096E+01    0.8286968979E+01    0.1146386561E+02    0.1194371381E+02    0.3567306948E+02    0.3595190903E+02    0.3805203580E+02    0.4000910942E+02    0.4105536391E+02    0.4143227119E+02
    0.2359349089E+01    0.8367880990E+01    0.1132221305E+02    0.1192809590E+02    0.3573601311E+02    0.3623721454E+02    0.3800041543E+02    0.4006444944E+02    0.4097262071E+02    0.4136298595E+02
    0.2378074081E+01    0.8491919257E+01    0.1116233051E+02    0.1192047653E+02    0.3579374742E+02    0.3650255462E+02    0.3794572350E+02    0.4012109948E+02    0.4089278215E+02    0.4129847675E+02
    0.2396799074E+01    0.8653125968E+01    0.1098731390E+02    0.1191745811E+02    0.3584555297E+02    0.3674455011E+02    0.3788817104E+02    0.4017858758E+02    0.4081618589E+02    0.4124018871E+02
    0.2415524067E+01    0.8844675897E+01    0.1079891313E+02    0.1191708469E+02    0.3589066335E+02    0.3696026539E+02    0.3782801831E+02    0.4023631847E+02    0.4074315029E+02    0.4118964363E+02
    0.2434249060E+01    0.9059346146E+01    0.1059824642E+02    0.1191813911E+02    0.3592825485E+02    0.3714730014E+02    0.3776558200E+02    0.4029361408E+02    0.4067397618E+02    0.4114831975E+02
    0.2452974053E+01    0.9289909187E+01    0.1038618035E+02    0.1191977381E+02    0.3595743805E+02    0.3730388320E+02    0.3770124219E+02    0.4034981702E+02    0.4060894816E+02    0.4111745230E+02
    0.2471699045E+01    0.9529427406E+01    0.1016352255E+02    0.1192132868E+02    0.3597725426E+02    0.3742895913E+02    0.3763544674E+02    0.4040446052E+02    0.4054833494E+02    0.4109776245E+02
    0.2490424038E+01    0.9771451000E+01    0.9931123588E+01    0.1192223964E+02    0.3598668098E+02    0.3752225021E+02    0.3756870922E+02    0.4045745982E+02    0.4049238861E+02    0.4108917774E+02
    0.2509149031E+01    0.9689935209E+01    0.1001013450E+02    0.1192199134E+02    0.3598465168E+02    0.3750159537E+02    0.3758427142E+02    0.4044134234E+02    0.4050922286E+02    0.4109067049E+02
    0.2527874024E+01    0.9441046766E+01    0.1024029171E+02    0.1192009214E+02    0.3597009503E+02    0.3743469299E+02    0.3761627862E+02    0.4039540689E+02    0.4056057613E+02    0.4110034014E+02
    0.2546599016E+01    0.9185710408E+01    0.1045740787E+02    0.1191606090E+02    0.3594199620E+02    0.3736856246E+02    0.3762014355E+02    0.4035476567E+02    0.4061249899E+02    0.4111575453E+02
    0.2565324009E+01    0.8925360096E+01    0.1065762419E+02    0.1190942055E+02    0.3589947572E+02    0.3730367178E+02    0.3759817138E+02    0.4031956905E+02    0.4066578019E+02    0.4113442309E+02
    0.2584049002E+01    0.8661626808E+01    0.1083770609E+02    0.1189969548E+02    0.3584187269E+02    0.3724032871E+02    0.3755289518E+02    0.4028992846E+02    0.4072072449E+02    0.4115424194E+02
    0.2602773995E+01    0.8396350717E+01    0.1099500255E+02    0.1188641132E+02    0.3576881102E+02    0.3717863000E+02    0.3748688634E+02    0.4026591103E+02    0.4077693431E+02    0.4117384921E+02
    0.2621498987E+01    0.8131590038E+01    0.1112740156E+02    0.1186909620E+02    0.3568022885E+02    0.3711844683E+02    0.3740260914E+02    0.4024753577E+02    0.4083307416E+02    0.4119295665E+02
    0.2640223980E+01    0.7869625282E+01    0.1123328475E+02    0.1184728274E+02    0.3557636224E+02    0.3705945370E+02    0.3730233031E+02    0.4023477194E+02    0.4088648370E+02    0.4121278296E+02
    0.2658948973E+01    0.7612956696E+01    0.1131148290E+02    0.1182051055E+02    0.3545769142E+02    0.3700119205E+02    0.3718807866E+02    0.4022754029E+02    0.4093269027E+02    0.4123654425E+02
    0.2677673966E+01    0.7364291669E+01    0.1136123347E+02    0.1178832876E+02    0.3532486915E+02    0.3694314790E+02    0.3706164233E+02    0.4022571740E+02    0.4096567194E+02    0.4126916456E+02
    0.2696398959E+01    0.7126517894E+01    0.1138214098E+02    0.1175029847E+02    0.3517865199E+02    0.3688482280E+02    0.3692458935E+02    0.4022914293E+02    0.4098036160E+02    0.4131473067E+02
    0.2715123951E+01    0.6902657341E+01    0.1137414077E+02    0.1170599500E+02    0.3501984768E+02    0.3677829991E+02    0.3682578471E+02    0.4023762933E+02    0.4097561151E+02    0.4137348405E+02
    0.2733848944E+01    0.6695795929E+01    0.1133746666E+02    0.1165500980E+02    0.3484928259E+02    0.3662400193E+02    0.3676569524E+02    0.4025097331E+02    0.4095333945E+02    0.4144263676E+02
    0.2752573937E+01    0.6508984851E+01    0.1127262326E+02    0.1159695203E+02    0.3466778670E+02    0.3646280496E+02    0.3670431645E+02    0.4026896807E+02    0.4091580157E+02    0.4151907074E+02
    0.2771298930E+01    0.6345112251E+01    0.1118036336E+02    0.1153144987E+02    0.3447619061E+02    0.3629572973E+02    0.3664150308E+02    0.4029141550E+02    0.4086441683E+02    0.4160049728E+02
    0.2790023922E+01    0.6206748951E+01    0.1106167105E+02    0.1145815164E+02    0.3427532953E+02    0.3612373209E+02    0.3657718614E+02    0.4031813747E+02    0.4079979716E+02    0.4168542222E+02
    0.2808748915E+01    0.6095978683E+01    0.1091775117E+02    0.1137672682E+02    0.3406604978E+02    0.3594772141E+02    0.3651135266E+02    0.4034898557E+02    0.4072201928E+02    0.4177287965E+02
    0.2827473908E+01    0.6014230614E+01    0.1075002544E+02    0.1128686729E+02    0.3384921544E+02    0.3576857343E+02    0.3644402466E+02    0.4038384887E+02    0.4063083939E+02    0.4186223087E+02
    0.2846198901E+01    0.5962137217E+01    0.1056013538E+02    0.1118828880E+02    0.3362571337E+02    0.3558713845E+02    0.3637523938E+02    0.4042265934E+02    0.4052583309E+02    0.4195304373E+02
    0.2864923893E+01    0.5939440985E+01    0.1034995227E+02    0.1108073309E+02    0.3339645588E+02    0.3540424525E+02    0.3630503206E+02    0.4040648797E+02    0.4046539477E+02    0.4204502301E+02
    0.2883648886E+01    0.5944967393E+01    0.1012159334E+02    0.1096397078E+02    0.3316238095E+02    0.3522070162E+02    0.3623342172E+02    0.4027226910E+02    0.4051207919E+02    0.4213796905E+02
    0.2902373879E+01    0.5976669759E+01    0.9877443649E+01    0.1083780547E+02    0.3292444978E+02    0.3503729188E+02    0.3616040041E+02    0.4012266870E+02    0.4056278077E+02    0.4223175163E+02
    0.2921098872E+01    0.6031737785E+01    0.9620181926E+01    0.1070207923E+02    0.3268364207E+02    0.3485477224E+02    0.3608592617E+02    0.3995724558E+02    0.4061760743E+02    0.4232629209E+02
    0.2939823865E+01    0.6106750257E+01    0.9352808210E+01    0.1055668015E+02    0.3244094919E+02    0.3467386429E+02    0.3600991958E+02    0.3977565700E+02    0.4067670026E+02    0.4242154972E+02
    0.2958548857E+01    0.6197846971E+01    0.9078669728E+01    0.1040155234E+02    0.3219736552E+02    0.3449524724E+02    0.3593226393E+02    0.3957768409E+02    0.4074022510E+02    0.4251751055E+02
    0.2977273850E+01    0.6300895997E+01    0.8801480160E+01    0.1023670958E+02    0.3195387833E+02    0.3431954912E+02    0.3585280888E+02    0.3936325163E+02    0.4080836267E+02    0.4261417745E+02
    0.2995998843E+01    0.6411637873E+01    0.8525325444E+01    0.1006225393E+02    0.3171145649E+02    0.3414733753E+02    0.3577137707E+02    0.3913244268E+02    0.4088129757E+02    0.4271156091E+02
    0.3014723836E+01    0.6525794961E+01    0.8254647004E+01    0.9878401913E+01    0.3147103844E+02    0.3397910979E+02    0.3568777340E+02    0.3888550867E+02    0.4095920689E+02    0.4280967055E+02
    0.3033448828E+01    0.6639139291E+01    0.7994191015E+01    0.9685522524E+01    0.3123351977E+02    0.3381528283E+02    0.3560179619E+02    0.3862287564E+02    0.4104224876E+02    0.4290850702E+02
    0.3052173821E+01    0.6747513711E+01    0.7748910646E+01    0.9484194476E+01    0.3099974081E+02    0.3365618256E+02    0.3551324957E+02    0.3834514776E+02    0.4113055153E+02    0.4300805477E+02
    0.3070898814E+01    0.6846797856E+01    0.7523808685E+01    0.9275295732E+01    0.3077047487E+02    0.3350203227E+02    0.3542195624E+02    0.3805310916E+02    0.4122420411E+02    0.4310827559E+02
    0.3089623807E+01    0.6932801234E+01    0.7323712169E+01    0.9060148160E+01    0.3054641753E+02    0.3335293950E+02    0.3532776983E+02    0.3774772599E+02    0.4132324790E+02    0.4320910330E+02
    0.3108348799E+01    0.7001049921E+01    0.7152980609E+01    0.8840755349E+01    0.3032817763E+02    0.3320888015E+02    0.3523058615E+02    0.3743015046E+02    0.4142767060E+02    0.4331043978E+02
    0.3127073792E+01    0.7015165529E+01    0.7046417295E+01    0.8620186573E+01    0.3011627049E+02    0.3306967802E+02    0.3513035271E+02    0.3710172965E+02    0.4153740211E+02    0.4341215240E+02
    0.3145798785E+01    0.6912658764E+01    0.7062576226E+01    0.8403131829E+01    0.2991111388E+02    0.3293497737E+02    0.3502707609E+02    0.3676402217E+02    0.4165231249E+02    0.4351407319E+02
    0.3164523778E+01    0.6846383773E+01    0.7041492818E+01    0.8196409139E+01    0.2971302716E+02    0.3280420485E+02    0.3492082688E+02    0.3641882693E+02    0.4177221186E+02    0.4361599961E+02
    0.3183248770E+01    0.6815589101E+01    0.6973995456E+01    0.8008390969E+01    0.2952223385E+02    0.3267651581E+02    0.3481174226E+02    0.3606822938E+02    0.4189685191E+02    0.4371769695E+02
    0.3201973763E+01    0.6817789729E+01    0.6853301677E+01    0.7845467435E+01    0.2933886765E+02    0.3255071877E+02    0.3470002611E+02    0.3571467157E+02    0.4202592864E+02    0.4381890230E+02
    0.3220698756E+01    0.6680451589E+01    0.6848871889E+01    0.7706597562E+01    0.2916298168E+02    0.3242517118E+02    0.3458594705E+02    0.3536105275E+02    0.4215908602E+02    0.4391932977E+02
    0.3239423749E+01    0.6464854012E+01    0.6903340848E+01    0.7582742455E+01    0.2899456050E+02    0.3229764305E+02    0.3446983469E+02    0.3501086385E+02    0.4229592003E+02    0.4401867680E+02
    0.3258148742E+01    0.6218577612E+01    0.6974663468E+01    0.7462548273E+01    0.2883353417E+02    0.3216515840E+02    0.3435207435E+02    0.3466834495E+02    0.4243598287E+02    0.4411663106E+02
    0.3276873734E+01    0.5951661068E+01    0.7055647446E+01    0.7337005370E+01    0.2867979342E+02    0.3202386206E+02    0.3423310075E+02    0.3433861769E+02    0.4257878698E+02    0.4421287777E+02
    0.3295598727E+01    0.5671195721E+01    0.7138806773E+01    0.7200330766E+01    0.2853320488E+02    0.3186903687E+02    0.3402766685E+02    0.3411339085E+02    0.4272380867E+02    0.4430710680E+02
    0.3314323720E+01    0.5382061422E+01    0.7049194022E+01    0.7216680722E+01    0.2839362543E+02    0.3169549775E+02    0.3374194355E+02    0.3399345622E+02    0.4287049147E+02    0.4439901933E+02
    0.3333048713E+01    0.5087754022E+01    0.6881849018E+01    0.7282092583E+01    0.2826091465E+02    0.3149858872E+02    0.3348736366E+02    0.3387383511E+02    0.4301824891E+02    0.4448833369E+02
    0.3351773705E+01    0.4790941116E+01    0.6697536017E+01    0.7328348480E+01    0.2813494456E+02    0.3127565902E+02    0.3326782503E+02    0.3375508447E+02    0.4316646706E+02    0.4457479007E+02
    0.3370498698E+01    0.4493786545E+01    0.6496114449E+01    0.7349384248E+01    0.2801560622E+02    0.3102724855E+02    0.3308401339E+02    0.3363777194E+02    0.4331450688E+02    0.4465815389E+02
    0.3389223691E+01    0.4198130680E+01    0.6277840322E+01    0.7339870489E+01    0.2790281300E+02    0.3075707947E+02    0.3293340100E+02    0.3352246797E+02    0.4346170650E+02    0.4473821780E+02
    0.3407948684E+01    0.3905587538E+01    0.6043227972E+01    0.7295284740E+01    0.2779650048E+02    0.3047086250E+02    0.3281143085E+02    0.3340973824E+02    0.4360738363E+02    0.4481480227E+02
    0.3426673676E+01    0.3617594475E+01    0.5792961046E+01    0.7211957123E+01    0.2769662349E+02    0.3017482509E+02    0.3271298076E+02    0.3330013632E+02    0.4375083836E+02    0.4488775486E+02
    0.3445398669E+01    0.3335434572E+01    0.5527833123E+01    0.7087093272E+01    0.2760315070E+02    0.2987472169E+02    0.3263334918E+02    0.3319419676E+02    0.4389135630E+02    0.4495694849E+02
    0.3464123662E+01    0.3060243045E+01    0.5248706968E+01    0.6918776467E+01    0.2751605782E+02    0.2957544451E+02    0.3256864554E+02    0.3309242880E+02    0.4402821239E+02    0.4502227877E+02
    0.3482848655E+01    0.2793004267E+01    0.4956486116E+01    0.6705950066E+01    0.2743531987E+02    0.2928101157E+02    0.3251580914E+02    0.3299531066E+02    0.4416067532E+02    0.4508366093E+02
    0.3501573648E+01    0.2534543372E+01    0.4652094927E+01    0.6448381329E+01    0.2736090373E+02    0.2899470919E+02    0.3247247951E+02    0.3290328483E+02    0.4428801264E+02    0.4514102639E+02
    0.3520298640E+01    0.2285514924E+01    0.4336464736E+01    0.6146608487E+01    0.2729276151E+02    0.2871926487E+02    0.3243684042E+02    0.3281675422E+02    0.4440949659E+02    0.4519431959E+02
    0.3539023633E+01    0.2046390346E+01    0.4010524431E+01    0.5801873869E+01    0.2723082554E+02    0.2845700122E+02    0.3240748463E+02    0.3273607953E+02    0.4452441046E+02    0.4524349491E+02
    0.3557748626E+01    0.1817445297E+01    0.3675194325E+01    0.5416046861E+01    0.2717500545E+02    0.2820995728E+02    0.3238330960E+02    0.3266157788E+02    0.4463205563E+02    0.4528851418E+02
    0.3576473619E+01    0.1598747947E+01    0.3331382428E+01    0.4991541067E+01    0.2712518759E+02    0.2797997688E+02    0.3236344111E+02    0.3259352263E+02    0.4473175897E+02    0.4532934468E+02
    0.3595198611E+01    0.1390148922E+01    0.2979982425E+01    0.4531230121E+01    0.2708123692E+02    0.2776876700E+02    0.3234717850E+02    0.3253214455E+02    0.4482288048E+02    0.4536595772E+02
    0.3613923604E+01    0.1191273500E+01    0.2621872713E+01    0.4038366173E+01    0.2704300121E+02    0.2757792973E+02    0.3233395585E+02    0.3247763401E+02    0.4490482110E+02    0.4539832768E+02
    0.3632648597E+01    0.1001516186E+01    0.2257915811E+01    0.3516504141E+01    0.2701031724E+02    0.2740897169E+02    0.3232331438E+02    0.3243014429E+02    0.4497703042E+02    0.4542643159E+02
    0.3651373590E+01    0.8200363400E+00    0.1888957065E+01    0.2969433523E+01    0.2698301849E+02    0.2726329470E+02    0.3231488302E+02    0.3238979549E+02    0.4503901403E+02    0.4545024892E+02
    0.3670098582E+01    0.6457485090E+00    0.1515820096E+01    0.2401117466E+01    0.2696094373E+02    0.2714217232E+02    0.3230836455E+02    0.3235667895E+02    0.4509034053E+02    0.4546976171E+02
    0.3688823575E+01    0.4772807368E+00    0.1139290315E+01    0.1815633986E+01    0.2694394592E+02    0.2704671732E+02    0.3230352598E+02    0.3233086169E+02    0.4513064769E+02    0.4548495477E+02
    0.3707548568E+01    0.3127595091E+00    0.7600437071E+00    0.1217092233E+01    0.2693190050E+02    0.2697784530E+02    0.3230019185E+02    0.3231239072E+02    0.4515964786E+02    0.4549581590E+02
    0.3726273561E+01    0.1480375211E+00    0.3781328640E+00    0.6092838853E+00    0.2692471280E+02    0.2693623981E+02    0.3229823963E+02    0.3230129673E+02    0.4517713236E+02    0.4550233621E+02
