    0.0000000000E+00   -0.1800101998E-05    0.2127054271E-05    0.3306206771E-05    0.8083875131E+02    0.8083875131E+02    0.8083875131E+02
    0.6521614195E-02    0.1939526386E+00    0.1939526386E+00    0.2948939613E+00    0.8083847989E+02    0.8083847989E+02    0.8083916081E+02
    0.1304322839E-01    0.3878921323E+00    0.3878921323E+00    0.5897687350E+00    0.8083766561E+02    0.8083766561E+02    0.8084038916E+02
    0.1956484259E-01    0.5818053389E+00    0.5818053389E+00    0.8846051357E+00    0.8083630846E+02    0.8083630846E+02    0.8084243593E+02
    0.2608645678E-01    0.7756791212E+00    0.7756791212E+00    0.1179383982E+01    0.8083440836E+02    0.8083440836E+02    0.8084530040E+02
    0.3260807098E-01    0.9695003500E+00    0.9695003500E+00    0.1474086100E+01    0.8083196525E+02    0.8083196525E+02    0.8084898155E+02
    0.3912968517E-01    0.1163255906E+01    0.1163255906E+01    0.1768692323E+01    0.8082897904E+02    0.8082897904E+02    0.8085347808E+02
    0.4565129937E-01    0.1356932685E+01    0.1356932685E+01    0.2063183497E+01    0.8082544960E+02    0.8082544960E+02    0.8085878841E+02
    0.5217291356E-01    0.1550517595E+01    0.1550517595E+01    0.2357540478E+01    0.8082137682E+02    0.8082137682E+02    0.8086491066E+02
    0.5869452776E-01    0.1743997565E+01    0.1743997565E+01    0.2651744141E+01    0.8081676052E+02    0.8081676052E+02    0.8087184266E+02
    0.6521614195E-01    0.1937359542E+01    0.1937359542E+01    0.2945775376E+01    0.8081160056E+02    0.8081160056E+02    0.8087958199E+02
    0.7173775615E-01    0.2130590500E+01    0.2130590500E+01    0.3239615091E+01    0.8080589674E+02    0.8080589674E+02    0.8088812590E+02
    0.7825937035E-01    0.2323677436E+01    0.2323677436E+01    0.3533244220E+01    0.8079964885E+02    0.8079964885E+02    0.8089747138E+02
    0.8478098454E-01    0.2516607375E+01    0.2516607375E+01    0.3826643715E+01    0.8079285670E+02    0.8079285670E+02    0.8090761516E+02
    0.9130259874E-01    0.2709367375E+01    0.2709367375E+01    0.4119794559E+01    0.8078552004E+02    0.8078552004E+02    0.8091855366E+02
    0.9782421293E-01    0.2901944525E+01    0.2901944525E+01    0.4412677759E+01    0.8077763865E+02    0.8077763865E+02    0.8093028303E+02
    0.1043458271E+00    0.3094325950E+01    0.3094325950E+01    0.4705274353E+01    0.8076921228E+02    0.8076921228E+02    0.8094279917E+02
    0.1108674413E+00    0.3286498814E+01    0.3286498814E+01    0.4997565411E+01    0.8076024066E+02    0.8076024066E+02    0.8095609767E+02
    0.1173890555E+00    0.3478450321E+01    0.3478450321E+01    0.5289532038E+01    0.8075072356E+02    0.8075072356E+02    0.8097017389E+02
    0.1239106697E+00    0.3670167716E+01    0.3670167716E+01    0.5581155373E+01    0.8074066069E+02    0.8074066069E+02    0.8098502290E+02
    0.1304322839E+00    0.3861638293E+01    0.3861638293E+01    0.5872416594E+01    0.8073005180E+02    0.8073005180E+02    0.8100063951E+02
    0.1369538981E+00    0.4052849389E+01    0.4052849389E+01    0.6163296919E+01    0.8071889663E+02    0.8071889663E+02    0.8101701827E+02
    0.1434755123E+00    0.4243788392E+01    0.4243788392E+01    0.6453777607E+01    0.8070719490E+02    0.8070719490E+02    0.8103415347E+02
    0.1499971265E+00    0.4434442743E+01    0.4434442743E+01    0.6743839961E+01    0.8069494638E+02    0.8069494638E+02    0.8105203914E+02
    0.1565187407E+00    0.4624799935E+01    0.4624799935E+01    0.7033465330E+01    0.8068215081E+02    0.8068215081E+02    0.8107066908E+02
    0.1630403549E+00    0.4814847518E+01    0.4814847518E+01    0.7322635110E+01    0.8066880796E+02    0.8066880796E+02    0.8109003682E+02
    0.1695619691E+00    0.5004573099E+01    0.5004573099E+01    0.7611330746E+01    0.8065491760E+02    0.8065491760E+02    0.8111013565E+02
    0.1760835833E+00    0.5193964346E+01    0.5193964346E+01    0.7899533736E+01    0.8064047952E+02    0.8064047952E+02    0.8113095861E+02
    0.1826051975E+00    0.5383008988E+01    0.5383008988E+01    0.8187225629E+01    0.8062549355E+02    0.8062549355E+02    0.8115249853E+02
    0.1891268117E+00    0.5571694818E+01    0.5571694818E+01    0.8474388028E+01    0.8060995952E+02    0.8060995952E+02    0.8117474798E+02
    0.1956484259E+00    0.5760009695E+01    0.5760009695E+01    0.8761002596E+01    0.8059387728E+02    0.8059387728E+02    0.8119769930E+02
    0.2021700401E+00    0.5947941547E+01    0.5947941547E+01    0.9047051050E+01    0.8057724673E+02    0.8057724673E+02    0.8122134463E+02
    0.2086916543E+00    0.6135478367E+01    0.6135478367E+01    0.9332515169E+01    0.8056006779E+02    0.8056006779E+02    0.8124567586E+02
    0.2152132684E+00    0.6322608224E+01    0.6322608224E+01    0.9617376792E+01    0.8054234042E+02    0.8054234042E+02    0.8127068468E+02
    0.2217348826E+00    0.6509319256E+01    0.6509319256E+01    0.9901617824E+01    0.8052406460E+02    0.8052406460E+02    0.8129636256E+02
    0.2282564968E+00    0.6695599677E+01    0.6695599677E+01    0.1018522023E+02    0.8050524039E+02    0.8050524039E+02    0.8132270075E+02
    0.2347781110E+00    0.6881437775E+01    0.6881437775E+01    0.1046816605E+02    0.8048586785E+02    0.8048586785E+02    0.8134969033E+02
    0.2412997252E+00    0.7066821916E+01    0.7066821916E+01    0.1075043737E+02    0.8046594712E+02    0.8046594712E+02    0.8137732215E+02
    0.2478213394E+00    0.7251740545E+01    0.7251740545E+01    0.1103201638E+02    0.8044547839E+02    0.8044547839E+02    0.8140558687E+02
    0.2543429536E+00    0.7436182186E+01    0.7436182186E+01    0.1131288531E+02    0.8042446189E+02    0.8042446189E+02    0.8143447497E+02
    0.2608645678E+00    0.7620135445E+01    0.7620135445E+01    0.1159302647E+02    0.8040289794E+02    0.8040289794E+02    0.8146397675E+02
    0.2673861820E+00    0.7803589009E+01    0.7803589009E+01    0.1187242225E+02    0.8038078689E+02    0.8038078689E+02    0.8149408230E+02
    0.2739077962E+00    0.7986531649E+01    0.7986531649E+01    0.1215105511E+02    0.8035812919E+02    0.8035812919E+02    0.8152478158E+02
    0.2804294104E+00    0.8168952220E+01    0.8168952220E+01    0.1242890758E+02    0.8033492533E+02    0.8033492533E+02    0.8155606435E+02
    0.2869510246E+00    0.8350839663E+01    0.8350839663E+01    0.1270596229E+02    0.8031117591E+02    0.8031117591E+02    0.8158792020E+02
    0.2934726388E+00    0.8532183005E+01    0.8532183005E+01    0.1298220192E+02    0.8028688158E+02    0.8028688158E+02    0.8162033859E+02
    0.2999942530E+00    0.8712971359E+01    0.8712971359E+01    0.1325760924E+02    0.8026204310E+02    0.8026204310E+02    0.8165330880E+02
    0.3065158672E+00    0.8893193929E+01    0.8893193929E+01    0.1353216711E+02    0.8023666129E+02    0.8023666129E+02    0.8168681997E+02
    0.3130374814E+00    0.9072840004E+01    0.9072840004E+01    0.1380585845E+02    0.8021073710E+02    0.8021073710E+02    0.8172086111E+02
    0.3195590956E+00    0.9251898965E+01    0.9251898965E+01    0.1407866629E+02    0.8018427155E+02    0.8018427155E+02    0.8175542108E+02
    0.3260807098E+00    0.9430360279E+01    0.9430360279E+01    0.1435057372E+02    0.8015726576E+02    0.8015726576E+02    0.8179048859E+02
    0.3326023240E+00    0.9608213508E+01    0.9608213508E+01    0.1462156394E+02    0.8012972096E+02    0.8012972096E+02    0.8182605226E+02
    0.3391239382E+00    0.9785448300E+01    0.9785448300E+01    0.1489162020E+02    0.8010163851E+02    0.8010163851E+02    0.8186210056E+02
    0.3456455524E+00    0.9962054397E+01    0.9962054397E+01    0.1516072587E+02    0.8007301985E+02    0.8007301985E+02    0.8189862186E+02
    0.3521671666E+00    0.1013802163E+02    0.1013802163E+02    0.1542886440E+02    0.8004386656E+02    0.8004386656E+02    0.8193560441E+02
    0.3586887807E+00    0.1031333992E+02    0.1031333992E+02    0.1569601931E+02    0.8001418033E+02    0.8001418033E+02    0.8197303636E+02
    0.3652103949E+00    0.1048799929E+02    0.1048799929E+02    0.1596217423E+02    0.7998396299E+02    0.7998396299E+02    0.8201090576E+02
    0.3717320091E+00    0.1066198984E+02    0.1066198984E+02    0.1622731286E+02    0.7995321649E+02    0.7995321649E+02    0.8204920058E+02
    0.3782536233E+00    0.1083530176E+02    0.1083530176E+02    0.1649141903E+02    0.7992194291E+02    0.7992194291E+02    0.8208790868E+02
    0.3847752375E+00    0.1100792534E+02    0.1100792534E+02    0.1675447661E+02    0.7989014449E+02    0.7989014449E+02    0.8212701784E+02
    0.3912968517E+00    0.1117985097E+02    0.1117985097E+02    0.1701646959E+02    0.7985782360E+02    0.7985782360E+02    0.8216651579E+02
    0.3978184659E+00    0.1135106911E+02    0.1135106911E+02    0.1727738206E+02    0.7982498274E+02    0.7982498274E+02    0.8220639015E+02
    0.4043400801E+00    0.1152157031E+02    0.1152157031E+02    0.1753719817E+02    0.7979162459E+02    0.7979162459E+02    0.8224662851E+02
    0.4108616943E+00    0.1169134524E+02    0.1169134524E+02    0.1779590221E+02    0.7975775198E+02    0.7975775198E+02    0.8228721838E+02
    0.4173833085E+00    0.1186038461E+02    0.1186038461E+02    0.1805347853E+02    0.7972336788E+02    0.7972336788E+02    0.8232814722E+02
    0.4239049227E+00    0.1202867927E+02    0.1202867927E+02    0.1830991159E+02    0.7968847544E+02    0.7968847544E+02    0.8236940244E+02
    0.4304265369E+00    0.1219622012E+02    0.1219622012E+02    0.1856518592E+02    0.7965307798E+02    0.7965307798E+02    0.8241097141E+02
    0.4369481511E+00    0.1236299816E+02    0.1236299816E+02    0.1881928619E+02    0.7961717899E+02    0.7961717899E+02    0.8245284148E+02
    0.4434697653E+00    0.1252900448E+02    0.1252900448E+02    0.1907219712E+02    0.7958078212E+02    0.7958078212E+02    0.8249499992E+02
    0.4499913795E+00    0.1269423024E+02    0.1269423024E+02    0.1932390356E+02    0.7954389122E+02    0.7954389122E+02    0.8253743402E+02
    0.4565129937E+00    0.1285866670E+02    0.1285866670E+02    0.1957439044E+02    0.7950651030E+02    0.7950651030E+02    0.8258013103E+02
    0.4630346079E+00    0.1302230520E+02    0.1302230520E+02    0.1982364280E+02    0.7946864358E+02    0.7946864358E+02    0.8262307819E+02
    0.4695562221E+00    0.1318513716E+02    0.1318513716E+02    0.2007164575E+02    0.7943029546E+02    0.7943029546E+02    0.8266626271E+02
    0.4760778363E+00    0.1334715407E+02    0.1334715407E+02    0.2031838453E+02    0.7939147053E+02    0.7939147053E+02    0.8270967182E+02
    0.4825994505E+00    0.1350834750E+02    0.1350834750E+02    0.2056384445E+02    0.7935217358E+02    0.7935217358E+02    0.8275329273E+02
    0.4891210647E+00    0.1366870913E+02    0.1366870913E+02    0.2080801094E+02    0.7931240960E+02    0.7931240960E+02    0.8279711268E+02
    0.4956426789E+00    0.1382823067E+02    0.1382823067E+02    0.2105086952E+02    0.7927218379E+02    0.7927218379E+02    0.8284111889E+02
    0.5021642930E+00    0.1398690393E+02    0.1398690393E+02    0.2129240580E+02    0.7923150155E+02    0.7923150155E+02    0.8288529861E+02
    0.5086859072E+00    0.1414472080E+02    0.1414472080E+02    0.2153260550E+02    0.7919036848E+02    0.7919036848E+02    0.8292963911E+02
    0.5152075214E+00    0.1430167321E+02    0.1430167321E+02    0.2177145443E+02    0.7914879041E+02    0.7914879041E+02    0.8297412768E+02
    0.5217291356E+00    0.1445775320E+02    0.1445775320E+02    0.2200893850E+02    0.7910677338E+02    0.7910677338E+02    0.8301875165E+02
    0.5282507498E+00    0.1461295284E+02    0.1461295284E+02    0.2224504373E+02    0.7906432365E+02    0.7906432365E+02    0.8306349837E+02
    0.5347723640E+00    0.1476726429E+02    0.1476726429E+02    0.2247975621E+02    0.7902144770E+02    0.7902144770E+02    0.8310835524E+02
    0.5412939782E+00    0.1492067976E+02    0.1492067976E+02    0.2271306216E+02    0.7897815223E+02    0.7897815223E+02    0.8315330970E+02
    0.5478155924E+00    0.1507319155E+02    0.1507319155E+02    0.2294494788E+02    0.7893444417E+02    0.7893444417E+02    0.8319834924E+02
    0.5543372066E+00    0.1522479198E+02    0.1522479198E+02    0.2317539977E+02    0.7889033068E+02    0.7889033068E+02    0.8324346139E+02
    0.5608588208E+00    0.1537547345E+02    0.1537547345E+02    0.2340440434E+02    0.7884581914E+02    0.7884581914E+02    0.8328863375E+02
    0.5673804350E+00    0.1552522842E+02    0.1552522842E+02    0.2363194819E+02    0.7880091717E+02    0.7880091717E+02    0.8333385398E+02
    0.5739020492E+00    0.1567404940E+02    0.1567404940E+02    0.2385801801E+02    0.7875563264E+02    0.7875563264E+02    0.8337910981E+02
    0.5804236634E+00    0.1582192894E+02    0.1582192894E+02    0.2408260059E+02    0.7870997362E+02    0.7870997362E+02    0.8342438903E+02
    0.5869452776E+00    0.1596885965E+02    0.1596885965E+02    0.2430568285E+02    0.7866394845E+02    0.7866394845E+02    0.8346967950E+02
    0.5934668918E+00    0.1611483420E+02    0.1611483420E+02    0.2452725175E+02    0.7861756570E+02    0.7861756570E+02    0.8351496917E+02
    0.5999885060E+00    0.1625984527E+02    0.1625984527E+02    0.2474729441E+02    0.7857083417E+02    0.7857083417E+02    0.8356024606E+02
    0.6065101202E+00    0.1640388561E+02    0.1640388561E+02    0.2496579799E+02    0.7852376292E+02    0.7852376292E+02    0.8360549828E+02
    0.6130317344E+00    0.1654694802E+02    0.1654694802E+02    0.2518274980E+02    0.7847636123E+02    0.7847636123E+02    0.8365071403E+02
    0.6195533486E+00    0.1668902530E+02    0.1668902530E+02    0.2539813721E+02    0.7842863864E+02    0.7842863864E+02    0.8369588161E+02
    0.6260749628E+00    0.1683011032E+02    0.1683011032E+02    0.2561194770E+02    0.7838060492E+02    0.7838060492E+02    0.8374098939E+02
    0.6325965770E+00    0.1697019598E+02    0.1697019598E+02    0.2582416885E+02    0.7833227011E+02    0.7833227011E+02    0.8378602585E+02
    0.6391181912E+00    0.1710927518E+02    0.1710927518E+02    0.2603478834E+02    0.7828364447E+02    0.7828364447E+02    0.8383097960E+02
    0.6456398053E+00    0.1724734089E+02    0.1724734089E+02    0.2624379393E+02    0.7823473851E+02    0.7823473851E+02    0.8387583931E+02
    0.6521614195E+00    0.1738438608E+02    0.1738438608E+02    0.2645117350E+02    0.7818556299E+02    0.7818556299E+02    0.8392059379E+02
    0.6586830337E+00    0.1752040375E+02    0.1752040375E+02    0.2665691502E+02    0.7813612891E+02    0.7813612891E+02    0.8396523195E+02
    0.6652046479E+00    0.1765538693E+02    0.1765538693E+02    0.2686100654E+02    0.7808644751E+02    0.7808644751E+02    0.8400974280E+02
    0.6717262621E+00    0.1778932865E+02    0.1778932865E+02    0.2706343622E+02    0.7803653028E+02    0.7803653028E+02    0.8405411550E+02
    0.6782478763E+00    0.1792222198E+02    0.1792222198E+02    0.2726419233E+02    0.7798638895E+02    0.7798638895E+02    0.8409833929E+02
    0.6847694905E+00    0.1805405999E+02    0.1805405999E+02    0.2746326321E+02    0.7793603549E+02    0.7793603549E+02    0.8414240357E+02
    0.6912911047E+00    0.1818483576E+02    0.1818483576E+02    0.2766063731E+02    0.7788548212E+02    0.7788548212E+02    0.8418629782E+02
    0.6978127189E+00    0.1831454240E+02    0.1831454240E+02    0.2785630318E+02    0.7783474127E+02    0.7783474127E+02    0.8423001170E+02
    0.7043343331E+00    0.1844317300E+02    0.1844317300E+02    0.2805024946E+02    0.7778382564E+02    0.7778382564E+02    0.8427353494E+02
    0.7108559473E+00    0.1857072068E+02    0.1857072068E+02    0.2824246488E+02    0.7773274814E+02    0.7773274814E+02    0.8431685744E+02
    0.7173775615E+00    0.1869717855E+02    0.1869717855E+02    0.2843293829E+02    0.7768152192E+02    0.7768152192E+02    0.8435996922E+02
    0.7238991757E+00    0.1882253972E+02    0.1882253972E+02    0.2862165861E+02    0.7763016037E+02    0.7763016037E+02    0.8440286044E+02
    0.7304207899E+00    0.1894679731E+02    0.1894679731E+02    0.2880861487E+02    0.7757867709E+02    0.7757867709E+02    0.8444552138E+02
    0.7369424041E+00    0.1906994443E+02    0.1906994443E+02    0.2899379618E+02    0.7752708591E+02    0.7752708591E+02    0.8448794247E+02
    0.7434640183E+00    0.1919197419E+02    0.1919197419E+02    0.2917719178E+02    0.7747540089E+02    0.7747540089E+02    0.8453011428E+02
    0.7499856325E+00    0.1931287969E+02    0.1931287969E+02    0.2935879098E+02    0.7742363630E+02    0.7742363630E+02    0.8457202750E+02
    0.7565072467E+00    0.1943265403E+02    0.1943265403E+02    0.2953858318E+02    0.7737180663E+02    0.7737180663E+02    0.8461367300E+02
    0.7630288609E+00    0.1955129029E+02    0.1955129029E+02    0.2971655790E+02    0.7731992656E+02    0.7731992656E+02    0.8465504175E+02
    0.7695504751E+00    0.1966878155E+02    0.1966878155E+02    0.2989270474E+02    0.7726801101E+02    0.7726801101E+02    0.8469612489E+02
    0.7760720893E+00    0.1978512086E+02    0.1978512086E+02    0.3006701341E+02    0.7721607508E+02    0.7721607508E+02    0.8473691369E+02
    0.7825937035E+00    0.1990030128E+02    0.1990030128E+02    0.3023947369E+02    0.7716413406E+02    0.7716413406E+02    0.8477739958E+02
    0.7891153176E+00    0.2001431584E+02    0.2001431584E+02    0.3041007550E+02    0.7711220345E+02    0.7711220345E+02    0.8481757412E+02
    0.7956369318E+00    0.2012715756E+02    0.2012715756E+02    0.3057880882E+02    0.7706029894E+02    0.7706029894E+02    0.8485742903E+02
    0.8021585460E+00    0.2023881944E+02    0.2023881944E+02    0.3074566375E+02    0.7700843639E+02    0.7700843639E+02    0.8489695617E+02
    0.8086801602E+00    0.2034929447E+02    0.2034929447E+02    0.3091063047E+02    0.7695663184E+02    0.7695663184E+02    0.8493614754E+02
    0.8152017744E+00    0.2045857560E+02    0.2045857560E+02    0.3107369927E+02    0.7690490150E+02    0.7690490150E+02    0.8497499530E+02
    0.8217233886E+00    0.2056665579E+02    0.2056665579E+02    0.3123486054E+02    0.7685326174E+02    0.7685326174E+02    0.8501349176E+02
    0.8282450028E+00    0.2067352796E+02    0.2067352796E+02    0.3139410475E+02    0.7680172911E+02    0.7680172911E+02    0.8505162936E+02
    0.8347666170E+00    0.2077918502E+02    0.2077918502E+02    0.3155142251E+02    0.7675032029E+02    0.7675032029E+02    0.8508940071E+02
    0.8412882312E+00    0.2088361985E+02    0.2088361985E+02    0.3170680448E+02    0.7669905211E+02    0.7669905211E+02    0.8512679854E+02
    0.8478098454E+00    0.2098682532E+02    0.2098682532E+02    0.3186024145E+02    0.7664794155E+02    0.7664794155E+02    0.8516381577E+02
    0.8543314596E+00    0.2108879428E+02    0.2108879428E+02    0.3201172431E+02    0.7659700570E+02    0.7659700570E+02    0.8520044542E+02
    0.8608530738E+00    0.2118951955E+02    0.2118951955E+02    0.3216124404E+02    0.7654626178E+02    0.7654626178E+02    0.8523668069E+02
    0.8673746880E+00    0.2128899395E+02    0.2128899395E+02    0.3230879172E+02    0.7649572715E+02    0.7649572715E+02    0.8527251491E+02
    0.8738963022E+00    0.2138721025E+02    0.2138721025E+02    0.3245435855E+02    0.7644541923E+02    0.7644541923E+02    0.8530794157E+02
    0.8804179164E+00    0.2148416123E+02    0.2148416123E+02    0.3259793581E+02    0.7639535559E+02    0.7639535559E+02    0.8534295429E+02
    0.8869395306E+00    0.2157983965E+02    0.2157983965E+02    0.3273951490E+02    0.7634555385E+02    0.7634555385E+02    0.8537754685E+02
    0.8934611448E+00    0.2167423823E+02    0.2167423823E+02    0.3287908731E+02    0.7629603174E+02    0.7629603174E+02    0.8541171316E+02
    0.8999827590E+00    0.2176734972E+02    0.2176734972E+02    0.3301664465E+02    0.7624680703E+02    0.7624680703E+02    0.8544544728E+02
    0.9065043732E+00    0.2185916681E+02    0.2185916681E+02    0.3315217862E+02    0.7619789759E+02    0.7619789759E+02    0.8547874341E+02
    0.9130259874E+00    0.2194968221E+02    0.2194968221E+02    0.3328568104E+02    0.7614932132E+02    0.7614932132E+02    0.8551159589E+02
    0.9195476016E+00    0.2203888860E+02    0.2203888860E+02    0.3341714381E+02    0.7610109616E+02    0.7610109616E+02    0.8554399921E+02
    0.9260692158E+00    0.2212677867E+02    0.2212677867E+02    0.3354655898E+02    0.7605324011E+02    0.7605324011E+02    0.8557594799E+02
    0.9325908299E+00    0.2221334510E+02    0.2221334510E+02    0.3367391866E+02    0.7600577117E+02    0.7600577117E+02    0.8560743698E+02
    0.9391124441E+00    0.2229858055E+02    0.2229858055E+02    0.3379921511E+02    0.7595870736E+02    0.7595870736E+02    0.8563846109E+02
    0.9456340583E+00    0.2238247771E+02    0.2238247771E+02    0.3392244066E+02    0.7591206670E+02    0.7591206670E+02    0.8566901534E+02
    0.9521556725E+00    0.2246502925E+02    0.2246502925E+02    0.3404358779E+02    0.7586586720E+02    0.7586586720E+02    0.8569909489E+02
    0.9586772867E+00    0.2254622785E+02    0.2254622785E+02    0.3416264907E+02    0.7582012687E+02    0.7582012687E+02    0.8572869505E+02
    0.9651989009E+00    0.2262606620E+02    0.2262606620E+02    0.3427961718E+02    0.7577486366E+02    0.7577486366E+02    0.8575781124E+02
    0.9717205151E+00    0.2270453701E+02    0.2270453701E+02    0.3439448491E+02    0.7573009551E+02    0.7573009551E+02    0.8578643902E+02
    0.9782421293E+00    0.2278163300E+02    0.2278163300E+02    0.3450724518E+02    0.7568584027E+02    0.7568584027E+02    0.8581457406E+02
    0.9847637435E+00    0.2285734689E+02    0.2285734689E+02    0.3461789102E+02    0.7564211576E+02    0.7564211576E+02    0.8584221219E+02
    0.9912853577E+00    0.2293167145E+02    0.2293167145E+02    0.3472641555E+02    0.7559893969E+02    0.7559893969E+02    0.8586934934E+02
    0.9978069719E+00    0.2300459947E+02    0.2300459947E+02    0.3483281205E+02    0.7555632972E+02    0.7555632972E+02    0.8589598155E+02
    0.1004328586E+01    0.2307612377E+02    0.2307612377E+02    0.3493707389E+02    0.7551430337E+02    0.7551430337E+02    0.8592210501E+02
    0.1010850200E+01    0.2314623719E+02    0.2314623719E+02    0.3503919455E+02    0.7547287808E+02    0.7547287808E+02    0.8594771603E+02
    0.1017371814E+01    0.2321493264E+02    0.2321493264E+02    0.3513916766E+02    0.7543207114E+02    0.7543207114E+02    0.8597281099E+02
    0.1023893429E+01    0.2328220305E+02    0.2328220305E+02    0.3523698694E+02    0.7539189972E+02    0.7539189972E+02    0.8599738645E+02
    0.1030415043E+01    0.2334804140E+02    0.2334804140E+02    0.3533264625E+02    0.7535238082E+02    0.7535238082E+02    0.8602143904E+02
    0.1036936657E+01    0.2341244074E+02    0.2341244074E+02    0.3542613957E+02    0.7531353129E+02    0.7531353129E+02    0.8604496552E+02
    0.1043458271E+01    0.2347539418E+02    0.2347539418E+02    0.3551746099E+02    0.7527536781E+02    0.7527536781E+02    0.8606796274E+02
    0.1049979885E+01    0.2353689486E+02    0.2353689486E+02    0.3560660475E+02    0.7523790686E+02    0.7523790686E+02    0.8609042769E+02
    0.1056501500E+01    0.2359693603E+02    0.2359693603E+02    0.3569356519E+02    0.7520116474E+02    0.7520116474E+02    0.8611235743E+02
    0.1063023114E+01    0.2365551100E+02    0.2365551100E+02    0.3577833680E+02    0.7516515750E+02    0.7516515750E+02    0.8613374916E+02
    0.1069544728E+01    0.2371261316E+02    0.2371261316E+02    0.3586091417E+02    0.7512990099E+02    0.7512990099E+02    0.8615460015E+02
    0.1076066342E+01    0.2376823597E+02    0.2376823597E+02    0.3594129205E+02    0.7509541082E+02    0.7509541082E+02    0.8617490779E+02
    0.1082587956E+01    0.2382237302E+02    0.2382237302E+02    0.3601946529E+02    0.7506170235E+02    0.7506170235E+02    0.8619466957E+02
    0.1089109571E+01    0.2387501795E+02    0.2387501795E+02    0.3609542888E+02    0.7502879067E+02    0.7502879067E+02    0.8621388305E+02
    0.1095631185E+01    0.2392616454E+02    0.2392616454E+02    0.3616917797E+02    0.7499669060E+02    0.7499669060E+02    0.8623254592E+02
    0.1102152799E+01    0.2397580666E+02    0.2397580666E+02    0.3624070780E+02    0.7496541665E+02    0.7496541665E+02    0.8625065593E+02
    0.1108674413E+01    0.2402393829E+02    0.2402393829E+02    0.3631001376E+02    0.7493498307E+02    0.7493498307E+02    0.8626821096E+02
    0.1115196027E+01    0.2407055356E+02    0.2407055356E+02    0.3637709139E+02    0.7490540375E+02    0.7490540375E+02    0.8628520893E+02
    0.1121717642E+01    0.2411564668E+02    0.2411564668E+02    0.3644193635E+02    0.7487669231E+02    0.7487669231E+02    0.8630164790E+02
    0.1128239256E+01    0.2415921203E+02    0.2415921203E+02    0.3650454444E+02    0.7484886197E+02    0.7484886197E+02    0.8631752596E+02
    0.1134760870E+01    0.2420124410E+02    0.2420124410E+02    0.3656491160E+02    0.7482192566E+02    0.7482192566E+02    0.8633284133E+02
    0.1141282484E+01    0.2424173754E+02    0.2424173754E+02    0.3662303390E+02    0.7479589592E+02    0.7479589592E+02    0.8634759229E+02
    0.1147804098E+01    0.2428068715E+02    0.2428068715E+02    0.3667890756E+02    0.7477078492E+02    0.7477078492E+02    0.8636177721E+02
    0.1154325713E+01    0.2431808786E+02    0.2431808786E+02    0.3673252894E+02    0.7474660446E+02    0.7474660446E+02    0.8637539452E+02
    0.1160847327E+01    0.2435393478E+02    0.2435393478E+02    0.3678389454E+02    0.7472336593E+02    0.7472336593E+02    0.8638844274E+02
    0.1167368941E+01    0.2438822318E+02    0.2438822318E+02    0.3683300099E+02    0.7470108035E+02    0.7470108035E+02    0.8640092047E+02
    0.1173890555E+01    0.2442094849E+02    0.2442094849E+02    0.3687984508E+02    0.7467975828E+02    0.7467975828E+02    0.8641282638E+02
    0.1180412169E+01    0.2445210634E+02    0.2445210634E+02    0.3692442374E+02    0.7465940991E+02    0.7465940991E+02    0.8642415921E+02
    0.1186933784E+01    0.2448169251E+02    0.2448169251E+02    0.3696673404E+02    0.7464004495E+02    0.7464004495E+02    0.8643491777E+02
    0.1193455398E+01    0.2450970298E+02    0.2450970298E+02    0.3700677319E+02    0.7462167271E+02    0.7462167271E+02    0.8644510094E+02
    0.1199977012E+01    0.2453613391E+02    0.2453613391E+02    0.3704453857E+02    0.7460430202E+02    0.7460430202E+02    0.8645470767E+02
    0.1206498626E+01    0.2456098168E+02    0.2456098168E+02    0.3708002767E+02    0.7458794126E+02    0.7458794126E+02    0.8646373698E+02
    0.1213020240E+01    0.2458424282E+02    0.2458424282E+02    0.3711323817E+02    0.7457259835E+02    0.7457259835E+02    0.8647218795E+02
    0.1219541855E+01    0.2460591410E+02    0.2460591410E+02    0.3714416786E+02    0.7455828073E+02    0.7455828073E+02    0.8648005973E+02
    0.1226063469E+01    0.2462599249E+02    0.2462599249E+02    0.3717281470E+02    0.7454499537E+02    0.7454499537E+02    0.8648735152E+02
    0.1232585083E+01    0.2464447517E+02    0.2464447517E+02    0.3719917679E+02    0.7453274873E+02    0.7453274873E+02    0.8649406260E+02
    0.1239106697E+01    0.2466135951E+02    0.2466135951E+02    0.3722325239E+02    0.7452154680E+02    0.7452154680E+02    0.8650019231E+02
    0.1245628311E+01    0.2467664312E+02    0.2467664312E+02    0.3724503990E+02    0.7451139506E+02    0.7451139506E+02    0.8650574004E+02
    0.1252149926E+01    0.2469032383E+02    0.2469032383E+02    0.3726453787E+02    0.7450229847E+02    0.7450229847E+02    0.8651070524E+02
    0.1258671540E+01    0.2470239968E+02    0.2470239968E+02    0.3728174502E+02    0.7449426151E+02    0.7449426151E+02    0.8651508743E+02
    0.1265193154E+01    0.2471286893E+02    0.2471286893E+02    0.3729666019E+02    0.7448728812E+02    0.7448728812E+02    0.8651888619E+02
    0.1271714768E+01    0.2472173009E+02    0.2472173009E+02    0.3730928241E+02    0.7448138174E+02    0.7448138174E+02    0.8652210115E+02
    0.1278236382E+01    0.2472898188E+02    0.2472898188E+02    0.3731961081E+02    0.7447654526E+02    0.7447654526E+02    0.8652473199E+02
    0.1284757997E+01    0.2473462324E+02    0.2473462324E+02    0.3732764473E+02    0.7447278108E+02    0.7447278108E+02    0.8652677846E+02
    0.1291279611E+01    0.2473865337E+02    0.2473865337E+02    0.3733338363E+02    0.7447009106E+02    0.7447009106E+02    0.8652824037E+02
    0.1297801225E+01    0.2474107169E+02    0.2474107169E+02    0.3733682712E+02    0.7446847651E+02    0.7446847651E+02    0.8652911757E+02
