     1       1.99105573       1.99776393      -0.00670820
     2       1.99329180       1.99552786      -0.00223607
     3       1.99776393       2.00223607      -0.00447214
     4       2.00000000       2.00000000       0.00000000
     5       1.99105573       2.00026393      -0.00420820
     6       1.99329180       1.99802786       0.00026393
     7       1.99776393       2.00473607      -0.00197214
     8       2.00000000       2.00250000       0.00250000
     9       1.99105573       2.00276393      -0.00170820
    10       1.99329180       2.00052786       0.00276393
    11       1.99776393       2.00723607       0.00052786
    12       2.00000000       2.00500000       0.00500000
    13       1.99105573       2.00526393       0.00079180
    14       1.99329180       2.00302786       0.00526393
    15       1.99776393       2.00973607       0.00302786
    16       2.00000000       2.00750000       0.00750000
    17       1.99105573       2.00776393       0.00329180
    18       1.99329180       2.00552786       0.00776393
    19       1.99776393       2.01223607       0.00552786
    20       2.00000000       2.01000000       0.01000000
    21       1.99105573       2.01026393       0.00579180
    22       1.99329180       2.00802786       0.01026393
    23       1.99776393       2.01473607       0.00802786
    24       2.00000000       2.01250000       0.01250000
    25       1.99105573       2.01276393       0.00829180
    26       1.99329180       2.01052786       0.01276393
    27       1.99776393       2.01723607       0.01052786
    28       2.00000000       2.01500000       0.01500000
    29       1.99105573       2.01526393       0.01079180
    30       1.99329180       2.01302786       0.01526393
    31       1.99776393       2.01973607       0.01302786
    32       2.00000000       2.01750000       0.01750000
    33       1.99105573       2.01776393       0.01329180
    34       1.99329180       2.01552786       0.01776393
    35       1.99776393       2.02223607       0.01552786
    36       2.00000000       2.02000000       0.02000000
    37       1.99105573       2.02026393       0.01579180
    38       1.99329180       2.01802786       0.02026393
    39       1.99776393       2.02473607       0.01802786
    40       2.00000000       2.02250000       0.02250000
    41       1.99105573       2.02276393       0.01829180
    42       1.99329180       2.02052786       0.02276393
    43       1.99776393       2.02723607       0.02052786
    44       2.00000000       2.02500000       0.02500000
    45       1.99105573       2.02526393       0.02079180
    46       1.99329180       2.02302786       0.02526393
    47       1.99776393       2.02973607       0.02302786
    48       2.00000000       2.02750000       0.02750000
    49       1.99105573       2.02776393       0.02329180
    50       1.99329180       2.02552786       0.02776393
    51       1.99776393       2.03223607       0.02552786
    52       2.00000000       2.03000000       0.03000000
    53       1.99105573       2.03026393       0.02579180
    54       1.99329180       2.02802786       0.03026393
    55       1.99776393       2.03473607       0.02802786
    56       2.00000000       2.03250000       0.03250000
    57       1.99105573       2.03276393       0.02829180
    58       1.99329180       2.03052786       0.03276393
    59       1.99776393       2.03723607       0.03052786
    60       2.00000000       2.03500000       0.03500000
    61       1.99105573       2.03526393       0.03079180
    62       1.99329180       2.03302786       0.03526393
    63       1.99776393       2.03973607       0.03302786
    64       2.00000000       2.03750000       0.03750000
    65       1.99105573       2.03776393       0.03329180
    66       1.99329180       2.03552786       0.03776393
    67       1.99776393       2.04223607       0.03552786
    68       2.00000000       2.04000000       0.04000000
    69       1.99105573       2.04026393       0.03579180
    70       1.99329180       2.03802786       0.04026393
    71       1.99776393       2.04473607       0.03802786
    72       2.00000000       2.04250000       0.04250000
    73       1.99105573       2.04276393       0.03829180
    74       1.99329180       2.04052786       0.04276393
    75       1.99776393       2.04723607       0.04052786
    76       2.00000000       2.04500000       0.04500000
    77       1.99105573       2.04526393       0.04079180
    78       1.99329180       2.04302786       0.04526393
    79       1.99776393       2.04973607       0.04302786
    80       2.00000000       2.04750000       0.04750000
    81       1.99105573       2.04776393       0.04329180
    82       1.99329180       2.04552786       0.04776393
    83       1.99776393       2.05223607       0.04552786
    84       2.00000000       2.05000000       0.05000000
    85       1.99105573       2.05026393       0.04579180
    86       1.99329180       2.04802786       0.05026393
    87       1.99776393       2.05473607       0.04802786
    88       2.00000000       2.05250000       0.05250000
    89       1.99105573       2.05276393       0.04829180
    90       1.99329180       2.05052786       0.05276393
    91       1.99776393       2.05723607       0.05052786
    92       2.00000000       2.05500000       0.05500000
    93       1.99105573       2.05526393       0.05079180
    94       1.99329180       2.05302786       0.05526393
    95       1.99776393       2.05973607       0.05302786
    96       2.00000000       2.05750000       0.05750000
    97       1.99105573       2.05776393       0.05329180
    98       1.99329180       2.05552786       0.05776393
    99       1.99776393       2.06223607       0.05552786
   100       2.00000000       2.06000000       0.06000000
   101       1.99105573       2.06026393       0.05579180
   102       1.99329180       2.05802786       0.06026393
   103       1.99776393       2.06473607       0.05802786
   104       2.00000000       2.06250000       0.06250000
   105       1.99105573       2.06276393       0.05829180
   106       1.99329180       2.06052786       0.06276393
   107       1.99776393       2.06723607       0.06052786
   108       2.00000000       2.06500000       0.06500000
   109       1.99105573       2.06526393       0.06079180
   110       1.99329180       2.06302786       0.06526393
   111       1.99776393       2.06973607       0.06302786
   112       2.00000000       2.06750000       0.06750000
   113       1.99105573       2.06776393       0.06329180
   114       1.99329180       2.06552786       0.06776393
   115       1.99776393       2.07223607       0.06552786
   116       2.00000000       2.07000000       0.07000000
   117       1.99105573       2.07026393       0.06579180
   118       1.99329180       2.06802786       0.07026393
   119       1.99776393       2.07473607       0.06802786
   120       2.00000000       2.07250000       0.07250000
   121       1.99105573       2.07276393       0.06829180
   122       1.99329180       2.07052786       0.07276393
   123       1.99776393       2.07723607       0.07052786
   124       2.00000000       2.07500000       0.07500000
   125       1.99105573       2.07526393       0.07079180
   126       1.99329180       2.07302786       0.07526393
   127       1.99776393       2.07973607       0.07302786
   128       2.00000000       2.07750000       0.07750000
   129       1.99105573       2.07776393       0.07329180
   130       1.99329180       2.07552786       0.07776393
   131       1.99776393       2.08223607       0.07552786
   132       2.00000000       2.08000000       0.08000000
   133       1.99105573       2.08026393       0.07579180
   134       1.99329180       2.07802786       0.08026393
   135       1.99776393       2.08473607       0.07802786
   136       2.00000000       2.08250000       0.08250000
   137       1.99105573       2.08276393       0.07829180
   138       1.99329180       2.08052786       0.08276393
   139       1.99776393       2.08723607       0.08052786
   140       2.00000000       2.08500000       0.08500000
   141       1.99105573       2.08526393       0.08079180
   142       1.99329180       2.08302786       0.08526393
   143       1.99776393       2.08973607       0.08302786
   144       2.00000000       2.08750000       0.08750000
   145       1.99105573       2.08776393       0.08329180
   146       1.99329180       2.08552786       0.08776393
   147       1.99776393       2.09223607       0.08552786
   148       2.00000000       2.09000000       0.09000000
   149       1.99105573       2.09026393       0.08579180
   150       1.99329180       2.08802786       0.09026393
   151       1.99776393       2.09473607       0.08802786
   152       2.00000000       2.09250000       0.09250000
   153       1.99105573       2.09276393       0.08829180
   154       1.99329180       2.09052786       0.09276393
   155       1.99776393       2.09723607       0.09052786
   156       2.00000000       2.09500000       0.09500000
   157       1.99105573       2.09526393       0.09079180
   158       1.99329180       2.09302786       0.09526393
   159       1.99776393       2.09973607       0.09302786
   160       2.00000000       2.09750000       0.09750000
   161       1.99105573       2.09776393       0.09329180
   162       1.99329180       2.09552786       0.09776393
   163       1.99776393       2.10223607       0.09552786
   164       2.00000000       2.10000000       0.10000000
   165       1.99105573       2.10026393       0.09579180
   166       1.99329180       2.09802786       0.10026393
   167       1.99776393       2.10473607       0.09802786
   168       2.00000000       2.10250000       0.10250000
   169       1.99105573       2.10276393       0.09829180
   170       1.99329180       2.10052786       0.10276393
   171       1.99776393       2.10723607       0.10052786
   172       2.00000000       2.10500000       0.10500000
   173       1.99105573       2.10526393       0.10079180
   174       1.99329180       2.10302786       0.10526393
   175       1.99776393       2.10973607       0.10302786
   176       2.00000000       2.10750000       0.10750000
   177       1.99105573       2.10776393       0.10329180
   178       1.99329180       2.10552786       0.10776393
   179       1.99776393       2.11223607       0.10552786
   180       2.00000000       2.11000000       0.11000000
   181       1.99105573       2.11026393       0.10579180
   182       1.99329180       2.10802786       0.11026393
   183       1.99776393       2.11473607       0.10802786
   184       2.00000000       2.11250000       0.11250000
   185       1.99105573       2.11276393       0.10829180
   186       1.99329180       2.11052786       0.11276393
   187       1.99776393       2.11723607       0.11052786
   188       2.00000000       2.11500000       0.11500000
   189       1.99105573       2.11526393       0.11079180
   190       1.99329180       2.11302786       0.11526393
   191       1.99776393       2.11973607       0.11302786
   192       2.00000000       2.11750000       0.11750000
   193       1.99105573       2.11776393       0.11329180
   194       1.99329180       2.11552786       0.11776393
   195       1.99776393       2.12223607       0.11552786
   196       2.00000000       2.12000000       0.12000000
   197       1.99105573       2.12026393       0.11579180
   198       1.99329180       2.11802786       0.12026393
   199       1.99776393       2.12473607       0.11802786
   200       2.00000000       2.12250000       0.12250000
   201       1.99105573       2.12276393       0.11829180
   202       1.99329180       2.12052786       0.12276393
   203       1.99776393       2.12723607       0.12052786
   204       2.00000000       2.12500000       0.12500000
   205       1.99105573       2.12526393       0.12079180
   206       1.99329180       2.12302786       0.12526393
   207       1.99776393       2.12973607       0.12302786
   208       2.00000000       2.12750000       0.12750000
   209       1.99105573       2.12776393       0.12329180
   210       1.99329180       2.12552786       0.12776393
   211       1.99776393       2.13223607       0.12552786
   212       2.00000000       2.13000000       0.13000000
   213       1.99105573       2.13026393       0.12579180
   214       1.99329180       2.12802786       0.13026393
   215       1.99776393       2.13473607       0.12802786
   216       2.00000000       2.13250000       0.13250000
   217       1.99105573       2.13276393       0.12829180
   218       1.99329180       2.13052786       0.13276393
   219       1.99776393       2.13723607       0.13052786
   220       2.00000000       2.13500000       0.13500000
   221       1.99105573       2.13526393       0.13079180
   222       1.99329180       2.13302786       0.13526393
   223       1.99776393       2.13973607       0.13302786
   224       2.00000000       2.13750000       0.13750000
   225       1.99105573       2.13776393       0.13329180
   226       1.99329180       2.13552786       0.13776393
   227       1.99776393       2.14223607       0.13552786
   228       2.00000000       2.14000000       0.14000000
   229       1.99105573       2.14026393       0.13579180
   230       1.99329180       2.13802786       0.14026393
   231       1.99776393       2.14473607       0.13802786
   232       2.00000000       2.14250000       0.14250000
   233       1.99105573       2.14276393       0.13829180
   234       1.99329180       2.14052786       0.14276393
   235       1.99776393       2.14723607       0.14052786
   236       2.00000000       2.14500000       0.14500000
   237       1.99105573       2.14526393       0.14079180
   238       1.99329180       2.14302786       0.14526393
   239       1.99776393       2.14973607       0.14302786
   240       2.00000000       2.14750000       0.14750000
   241       1.99105573       2.14776393       0.14329180
   242       1.99329180       2.14552786       0.14776393
   243       1.99776393       2.15223607       0.14552786
   244       2.00000000       2.15000000       0.15000000
   245       1.99105573       2.15026393       0.14579180
   246       1.99329180       2.14802786       0.15026393
   247       1.99776393       2.15473607       0.14802786
   248       2.00000000       2.15250000       0.15250000
   249       1.99105573       2.15276393       0.14829180
   250       1.99329180       2.15052786       0.15276393
   251       1.99776393       2.15723607       0.15052786
   252       2.00000000       2.15500000       0.15500000
   253       1.99105573       2.15526393       0.15079180
   254       1.99329180       2.15302786       0.15526393
   255       1.99776393       2.15973607       0.15302786
   256       2.00000000       2.15750000       0.15750000
   257       1.99105573       2.15776393       0.15329180
   258       1.99329180       2.15552786       0.15776393
   259       1.99776393       2.16223607       0.15552786
   260       2.00000000       2.16000000       0.16000000
   261       1.99105573       2.16026393       0.15579180
   262       1.99329180       2.15802786       0.16026393
   263       1.99776393       2.16473607       0.15802786
   264       2.00000000       2.16250000       0.16250000
   265       1.99105573       2.16276393       0.15829180
   266       1.99329180       2.16052786       0.16276393
   267       1.99776393       2.16723607       0.16052786
   268       2.00000000       2.16500000       0.16500000
   269       1.99105573       2.16526393       0.16079180
   270       1.99329180       2.16302786       0.16526393
   271       1.99776393       2.16973607       0.16302786
   272       2.00000000       2.16750000       0.16750000
   273       1.99105573       2.16776393       0.16329180
   274       1.99329180       2.16552786       0.16776393
   275       1.99776393       2.17223607       0.16552786
   276       2.00000000       2.17000000       0.17000000
   277       1.99105573       2.17026393       0.16579180
   278       1.99329180       2.16802786       0.17026393
   279       1.99776393       2.17473607       0.16802786
   280       2.00000000       2.17250000       0.17250000
   281       1.99105573       2.17276393       0.16829180
   282       1.99329180       2.17052786       0.17276393
   283       1.99776393       2.17723607       0.17052786
   284       2.00000000       2.17500000       0.17500000
   285       1.99105573       2.17526393       0.17079180
   286       1.99329180       2.17302786       0.17526393
   287       1.99776393       2.17973607       0.17302786
   288       2.00000000       2.17750000       0.17750000
   289       1.99105573       2.17776393       0.17329180
   290       1.99329180       2.17552786       0.17776393
   291       1.99776393       2.18223607       0.17552786
   292       2.00000000       2.18000000       0.18000000
   293       1.99105573       2.18026393       0.17579180
   294       1.99329180       2.17802786       0.18026393
   295       1.99776393       2.18473607       0.17802786
   296       2.00000000       2.18250000       0.18250000
   297       1.99105573       2.18276393       0.17829180
   298       1.99329180       2.18052786       0.18276393
   299       1.99776393       2.18723607       0.18052786
   300       2.00000000       2.18500000       0.18500000
   301       1.99105573       2.18526393       0.18079180
   302       1.99329180       2.18302786       0.18526393
   303       1.99776393       2.18973607       0.18302786
   304       2.00000000       2.18750000       0.18750000
   305       1.99105573       2.18776393       0.18329180
   306       1.99329180       2.18552786       0.18776393
   307       1.99776393       2.19223607       0.18552786
   308       2.00000000       2.19000000       0.19000000
   309       1.99105573       2.19026393       0.18579180
   310       1.99329180       2.18802786       0.19026393
   311       1.99776393       2.19473607       0.18802786
   312       2.00000000       2.19250000       0.19250000
   313       1.99105573       2.19276393       0.18829180
   314       1.99329180       2.19052786       0.19276393
   315       1.99776393       2.19723607       0.19052786
   316       2.00000000       2.19500000       0.19500000
   317       1.99105573       2.19526393       0.19079180
   318       1.99329180       2.19302786       0.19526393
   319       1.99776393       2.19973607       0.19302786
   320       2.00000000       2.19750000       0.19750000
   321       1.99105573       2.19776393       0.19329180
   322       1.99329180       2.19552786       0.19776393
   323       1.99776393       2.20223607       0.19552786
   324       2.00000000       2.20000000       0.20000000
   325       1.99105573       2.20026393       0.19579180
   326       1.99329180       2.19802786       0.20026393
   327       1.99776393       2.20473607       0.19802786
   328       2.00000000       2.20250000       0.20250000
   329       1.99105573       2.20276393       0.19829180
   330       1.99329180       2.20052786       0.20276393
   331       1.99776393       2.20723607       0.20052786
   332       2.00000000       2.20500000       0.20500000
   333       1.99105573       2.20526393       0.20079180
   334       1.99329180       2.20302786       0.20526393
   335       1.99776393       2.20973607       0.20302786
   336       2.00000000       2.20750000       0.20750000
   337       1.99105573       2.20776393       0.20329180
   338       1.99329180       2.20552786       0.20776393
   339       1.99776393       2.21223607       0.20552786
   340       2.00000000       2.21000000       0.21000000
   341       1.99105573       2.21026393       0.20579180
   342       1.99329180       2.20802786       0.21026393
   343       1.99776393       2.21473607       0.20802786
   344       2.00000000       2.21250000       0.21250000
   345       1.99105573       2.21276393       0.20829180
   346       1.99329180       2.21052786       0.21276393
   347       1.99776393       2.21723607       0.21052786
   348       2.00000000       2.21500000       0.21500000
   349       1.99105573       2.21526393       0.21079180
   350       1.99329180       2.21302786       0.21526393
   351       1.99776393       2.21973607       0.21302786
   352       2.00000000       2.21750000       0.21750000
   353       1.99105573       2.21776393       0.21329180
   354       1.99329180       2.21552786       0.21776393
   355       1.99776393       2.22223607       0.21552786
   356       2.00000000       2.22000000       0.22000000
   357       1.99105573       2.22026393       0.21579180
   358       1.99329180       2.21802786       0.22026393
   359       1.99776393       2.22473607       0.21802786
   360       2.00000000       2.22250000       0.22250000
   361       1.99105573       2.22276393       0.21829180
   362       1.99329180       2.22052786       0.22276393
   363       1.99776393       2.22723607       0.22052786
   364       2.00000000       2.22500000       0.22500000
   365       1.99105573       2.22526393       0.22079180
   366       1.99329180       2.22302786       0.22526393
   367       1.99776393       2.22973607       0.22302786
   368       2.00000000       2.22750000       0.22750000
   369       1.99105573       2.22776393       0.22329180
   370       1.99329180       2.22552786       0.22776393
   371       1.99776393       2.23223607       0.22552786
   372       2.00000000       2.23000000       0.23000000
   373       1.99105573       2.23026393       0.22579180
   374       1.99329180       2.22802786       0.23026393
   375       1.99776393       2.23473607       0.22802786
   376       2.00000000       2.23250000       0.23250000
   377       1.99105573       2.23276393       0.22829180
   378       1.99329180       2.23052786       0.23276393
   379       1.99776393       2.23723607       0.23052786
   380       2.00000000       2.23500000       0.23500000
   381       1.99105573       2.23526393       0.23079180
   382       1.99329180       2.23302786       0.23526393
   383       1.99776393       2.23973607       0.23302786
   384       2.00000000       2.23750000       0.23750000
   385       1.99105573       2.23776393       0.23329180
   386       1.99329180       2.23552786       0.23776393
   387       1.99776393       2.24223607       0.23552786
   388       2.00000000       2.24000000       0.24000000
   389       1.99105573       2.24026393       0.23579180
   390       1.99329180       2.23802786       0.24026393
   391       1.99776393       2.24473607       0.23802786
   392       2.00000000       2.24250000       0.24250000
   393       1.99105573       2.24276393       0.23829180
   394       1.99329180       2.24052786       0.24276393
   395       1.99776393       2.24723607       0.24052786
   396       2.00000000       2.24500000       0.24500000
   397       1.99105573       2.24526393       0.24079180
   398       1.99329180       2.24302786       0.24526393
   399       1.99776393       2.24973607       0.24302786
   400       2.00000000       2.24750000       0.24750000
   401       1.99105573       2.24776393       0.24329180
   402       1.99329180       2.24552786       0.24776393
   403       1.99776393       2.25223607       0.24552786
   404       2.00000000       2.25000000       0.25000000
   405       1.99105573       2.25026393       0.24579180
   406       1.99329180       2.24802786       0.25026393
   407       1.99776393       2.25473607       0.24802786
   408       2.00000000       2.25250000       0.25250000
   409       1.99105573       2.25276393       0.24829180
   410       1.99329180       2.25052786       0.25276393
   411       1.99776393       2.25723607       0.25052786
   412       2.00000000       2.25500000       0.25500000
   413       1.99105573       2.25526393       0.25079180
   414       1.99329180       2.25302786       0.25526393
   415       1.99776393       2.25973607       0.25302786
   416       2.00000000       2.25750000       0.25750000
   417       1.99105573       2.25776393       0.25329180
   418       1.99329180       2.25552786       0.25776393
   419       1.99776393       2.26223607       0.25552786
   420       2.00000000       2.26000000       0.26000000
   421       1.99105573       2.26026393       0.25579180
   422       1.99329180       2.25802786       0.26026393
   423       1.99776393       2.26473607       0.25802786
   424       2.00000000       2.26250000       0.26250000
   425       1.99105573       2.26276393       0.25829180
   426       1.99329180       2.26052786       0.26276393
   427       1.99776393       2.26723607       0.26052786
   428       2.00000000       2.26500000       0.26500000
   429       1.99105573       2.26526393       0.26079180
   430       1.99329180       2.26302786       0.26526393
   431       1.99776393       2.26973607       0.26302786
   432       2.00000000       2.26750000       0.26750000
   433       1.99105573       2.26776393       0.26329180
   434       1.99329180       2.26552786       0.26776393
   435       1.99776393       2.27223607       0.26552786
   436       2.00000000       2.27000000       0.27000000
   437       1.99105573       2.27026393       0.26579180
   438       1.99329180       2.26802786       0.27026393
   439       1.99776393       2.27473607       0.26802786
   440       2.00000000       2.27250000       0.27250000
   441       1.99105573       2.27276393       0.26829180
   442       1.99329180       2.27052786       0.27276393
   443       1.99776393       2.27723607       0.27052786
   444       2.00000000       2.27500000       0.27500000
   445       1.99105573       2.27526393       0.27079180
   446       1.99329180       2.27302786       0.27526393
   447       1.99776393       2.27973607       0.27302786
   448       2.00000000       2.27750000       0.27750000
   449       1.99105573       2.27776393       0.27329180
   450       1.99329180       2.27552786       0.27776393
   451       1.99776393       2.28223607       0.27552786
   452       2.00000000       2.28000000       0.28000000
   453       1.99105573       2.28026393       0.27579180
   454       1.99329180       2.27802786       0.28026393
   455       1.99776393       2.28473607       0.27802786
   456       2.00000000       2.28250000       0.28250000
   457       1.99105573       2.28276393       0.27829180
   458       1.99329180       2.28052786       0.28276393
   459       1.99776393       2.28723607       0.28052786
   460       2.00000000       2.28500000       0.28500000
   461       1.99105573       2.28526393       0.28079180
   462       1.99329180       2.28302786       0.28526393
   463       1.99776393       2.28973607       0.28302786
   464       2.00000000       2.28750000       0.28750000
   465       1.99105573       2.28776393       0.28329180
   466       1.99329180       2.28552786       0.28776393
   467       1.99776393       2.29223607       0.28552786
   468       2.00000000       2.29000000       0.29000000
   469       1.99105573       2.29026393       0.28579180
   470       1.99329180       2.28802786       0.29026393
   471       1.99776393       2.29473607       0.28802786
   472       2.00000000       2.29250000       0.29250000
   473       1.99105573       2.29276393       0.28829180
   474       1.99329180       2.29052786       0.29276393
   475       1.99776393       2.29723607       0.29052786
   476       2.00000000       2.29500000       0.29500000
   477       1.99105573       2.29526393       0.29079180
   478       1.99329180       2.29302786       0.29526393
   479       1.99776393       2.29973607       0.29302786
   480       2.00000000       2.29750000       0.29750000
   481       1.99105573       2.29776393       0.29329180
   482       1.99329180       2.29552786       0.29776393
   483       1.99776393       2.30223607       0.29552786
   484       2.00000000       2.30000000       0.30000000
   485       1.99105573       2.30026393       0.29579180
   486       1.99329180       2.29802786       0.30026393
   487       1.99776393       2.30473607       0.29802786
   488       2.00000000       2.30250000       0.30250000
   489       1.99105573       2.30276393       0.29829180
   490       1.99329180       2.30052786       0.30276393
   491       1.99776393       2.30723607       0.30052786
   492       2.00000000       2.30500000       0.30500000
   493       1.99105573       2.30526393       0.30079180
   494       1.99329180       2.30302786       0.30526393
   495       1.99776393       2.30973607       0.30302786
   496       2.00000000       2.30750000       0.30750000
   497       1.99105573       2.30776393       0.30329180
   498       1.99329180       2.30552786       0.30776393
   499       1.99776393       2.31223607       0.30552786
   500       2.00000000       2.31000000       0.31000000
   501       1.99105573       2.31026393       0.30579180
   502       1.99329180       2.30802786       0.31026393
   503       1.99776393       2.31473607       0.30802786
   504       2.00000000       2.31250000       0.31250000
   505       1.99105573       2.31276393       0.30829180
   506       1.99329180       2.31052786       0.31276393
   507       1.99776393       2.31723607       0.31052786
   508       2.00000000       2.31500000       0.31500000
   509       1.99105573       2.31526393       0.31079180
   510       1.99329180       2.31302786       0.31526393
   511       1.99776393       2.31973607       0.31302786
   512       2.00000000       2.31750000       0.31750000
   513       1.99105573       2.31776393       0.31329180
   514       1.99329180       2.31552786       0.31776393
   515       1.99776393       2.32223607       0.31552786
   516       2.00000000       2.32000000       0.32000000
   517       1.99105573       2.32026393       0.31579180
   518       1.99329180       2.31802786       0.32026393
   519       1.99776393       2.32473607       0.31802786
   520       2.00000000       2.32250000       0.32250000
   521       1.99105573       2.32276393       0.31829180
   522       1.99329180       2.32052786       0.32276393
   523       1.99776393       2.32723607       0.32052786
   524       2.00000000       2.32500000       0.32500000
   525       1.99105573       2.32526393       0.32079180
   526       1.99329180       2.32302786       0.32526393
   527       1.99776393       2.32973607       0.32302786
   528       2.00000000       2.32750000       0.32750000
   529       1.99105573       2.32776393       0.32329180
   530       1.99329180       2.32552786       0.32776393
   531       1.99776393       2.33223607       0.32552786
   532       2.00000000       2.33000000       0.33000000
   533       1.99105573       2.33026393       0.32579180
   534       1.99329180       2.32802786       0.33026393
   535       1.99776393       2.33473607       0.32802786
   536       2.00000000       2.33250000       0.33250000
   537       1.99105573       2.33276393       0.32829180
   538       1.99329180       2.33052786       0.33276393
   539       1.99776393       2.33723607       0.33052786
   540       2.00000000       2.33500000       0.33500000
   541       1.99105573       2.33526393       0.33079180
   542       1.99329180       2.33302786       0.33526393
   543       1.99776393       2.33973607       0.33302786
   544       2.00000000       2.33750000       0.33750000
   545       1.99105573       2.33776393       0.33329180
   546       1.99329180       2.33552786       0.33776393
   547       1.99776393       2.34223607       0.33552786
   548       2.00000000       2.34000000       0.34000000
   549       1.99105573       2.34026393       0.33579180
   550       1.99329180       2.33802786       0.34026393
   551       1.99776393       2.34473607       0.33802786
   552       2.00000000       2.34250000       0.34250000
   553       1.99105573       2.34276393       0.33829180
   554       1.99329180       2.34052786       0.34276393
   555       1.99776393       2.34723607       0.34052786
   556       2.00000000       2.34500000       0.34500000
   557       1.99105573       2.34526393       0.34079180
   558       1.99329180       2.34302786       0.34526393
   559       1.99776393       2.34973607       0.34302786
   560       2.00000000       2.34750000       0.34750000
   561       1.99105573       2.34776393       0.34329180
   562       1.99329180       2.34552786       0.34776393
   563       1.99776393       2.35223607       0.34552786
   564       2.00000000       2.35000000       0.35000000
   565       1.99105573       2.35026393       0.34579180
   566       1.99329180       2.34802786       0.35026393
   567       1.99776393       2.35473607       0.34802786
   568       2.00000000       2.35250000       0.35250000
   569       1.99105573       2.35276393       0.34829180
   570       1.99329180       2.35052786       0.35276393
   571       1.99776393       2.35723607       0.35052786
   572       2.00000000       2.35500000       0.35500000
   573       1.99105573       2.35526393       0.35079180
   574       1.99329180       2.35302786       0.35526393
   575       1.99776393       2.35973607       0.35302786
   576       2.00000000       2.35750000       0.35750000
   577       1.99105573       2.35776393       0.35329180
   578       1.99329180       2.35552786       0.35776393
   579       1.99776393       2.36223607       0.35552786
   580       2.00000000       2.36000000       0.36000000
   581       1.99105573       2.36026393       0.35579180
   582       1.99329180       2.35802786       0.36026393
   583       1.99776393       2.36473607       0.35802786
   584       2.00000000       2.36250000       0.36250000
   585       1.99105573       2.36276393       0.35829180
   586       1.99329180       2.36052786       0.36276393
   587       1.99776393       2.36723607       0.36052786
   588       2.00000000       2.36500000       0.36500000
   589       1.99105573       2.36526393       0.36079180
   590       1.99329180       2.36302786       0.36526393
   591       1.99776393       2.36973607       0.36302786
   592       2.00000000       2.36750000       0.36750000
   593       1.99105573       2.36776393       0.36329180
   594       1.99329180       2.36552786       0.36776393
   595       1.99776393       2.37223607       0.36552786
   596       2.00000000       2.37000000       0.37000000
   597       1.99105573       2.37026393       0.36579180
   598       1.99329180       2.36802786       0.37026393
   599       1.99776393       2.37473607       0.36802786
   600       2.00000000       2.37250000       0.37250000
   601       1.99105573       2.37276393       0.36829180
   602       1.99329180       2.37052786       0.37276393
   603       1.99776393       2.37723607       0.37052786
   604       2.00000000       2.37500000       0.37500000
   605       1.99105573       2.37526393       0.37079180
   606       1.99329180       2.37302786       0.37526393
   607       1.99776393       2.37973607       0.37302786
   608       2.00000000       2.37750000       0.37750000
   609       1.99105573       2.37776393       0.37329180
   610       1.99329180       2.37552786       0.37776393
   611       1.99776393       2.38223607       0.37552786
   612       2.00000000       2.38000000       0.38000000
   613       1.99105573       2.38026393       0.37579180
   614       1.99329180       2.37802786       0.38026393
   615       1.99776393       2.38473607       0.37802786
   616       2.00000000       2.38250000       0.38250000
   617       1.99105573       2.38276393       0.37829180
   618       1.99329180       2.38052786       0.38276393
   619       1.99776393       2.38723607       0.38052786
   620       2.00000000       2.38500000       0.38500000
   621       1.99105573       2.38526393       0.38079180
   622       1.99329180       2.38302786       0.38526393
   623       1.99776393       2.38973607       0.38302786
   624       2.00000000       2.38750000       0.38750000
   625       1.99105573       2.38776393       0.38329180
   626       1.99329180       2.38552786       0.38776393
   627       1.99776393       2.39223607       0.38552786
   628       2.00000000       2.39000000       0.39000000
   629       1.99105573       2.39026393       0.38579180
   630       1.99329180       2.38802786       0.39026393
   631       1.99776393       2.39473607       0.38802786
   632       2.00000000       2.39250000       0.39250000
   633       1.99105573       2.39276393       0.38829180
   634       1.99329180       2.39052786       0.39276393
   635       1.99776393       2.39723607       0.39052786
   636       2.00000000       2.39500000       0.39500000
   637       1.99105573       2.39526393       0.39079180
   638       1.99329180       2.39302786       0.39526393
   639       1.99776393       2.39973607       0.39302786
   640       2.00000000       2.39750000       0.39750000
   641       1.99105573       2.39776393       0.39329180
   642       1.99329180       2.39552786       0.39776393
   643       1.99776393       2.40223607       0.39552786
   644       2.00000000       2.40000000       0.40000000
   645       1.99105573       2.40026393       0.39579180
   646       1.99329180       2.39802786       0.40026393
   647       1.99776393       2.40473607       0.39802786
   648       2.00000000       2.40250000       0.40250000
   649       1.99105573       2.40276393       0.39829180
   650       1.99329180       2.40052786       0.40276393
   651       1.99776393       2.40723607       0.40052786
   652       2.00000000       2.40500000       0.40500000
   653       1.99105573       2.40526393       0.40079180
   654       1.99329180       2.40302786       0.40526393
   655       1.99776393       2.40973607       0.40302786
   656       2.00000000       2.40750000       0.40750000
   657       1.99105573       2.40776393       0.40329180
   658       1.99329180       2.40552786       0.40776393
   659       1.99776393       2.41223607       0.40552786
   660       2.00000000       2.41000000       0.41000000
   661       1.99105573       2.41026393       0.40579180
   662       1.99329180       2.40802786       0.41026393
   663       1.99776393       2.41473607       0.40802786
   664       2.00000000       2.41250000       0.41250000
   665       1.99105573       2.41276393       0.40829180
   666       1.99329180       2.41052786       0.41276393
   667       1.99776393       2.41723607       0.41052786
   668       2.00000000       2.41500000       0.41500000
   669       1.99105573       2.41526393       0.41079180
   670       1.99329180       2.41302786       0.41526393
   671       1.99776393       2.41973607       0.41302786
   672       2.00000000       2.41750000       0.41750000
   673       1.99105573       2.41776393       0.41329180
   674       1.99329180       2.41552786       0.41776393
   675       1.99776393       2.42223607       0.41552786
   676       2.00000000       2.42000000       0.42000000
   677       1.99105573       2.42026393       0.41579180
   678       1.99329180       2.41802786       0.42026393
   679       1.99776393       2.42473607       0.41802786
   680       2.00000000       2.42250000       0.42250000
   681       1.99105573       2.42276393       0.41829180
   682       1.99329180       2.42052786       0.42276393
   683       1.99776393       2.42723607       0.42052786
   684       2.00000000       2.42500000       0.42500000
   685       1.99105573       2.42526393       0.42079180
   686       1.99329180       2.42302786       0.42526393
   687       1.99776393       2.42973607       0.42302786
   688       2.00000000       2.42750000       0.42750000
   689       1.99105573       2.42776393       0.42329180
   690       1.99329180       2.42552786       0.42776393
   691       1.99776393       2.43223607       0.42552786
   692       2.00000000       2.43000000       0.43000000
   693       1.99105573       2.43026393       0.42579180
   694       1.99329180       2.42802786       0.43026393
   695       1.99776393       2.43473607       0.42802786
   696       2.00000000       2.43250000       0.43250000
   697       1.99105573       2.43276393       0.42829180
   698       1.99329180       2.43052786       0.43276393
   699       1.99776393       2.43723607       0.43052786
   700       2.00000000       2.43500000       0.43500000
   701       1.99105573       2.43526393       0.43079180
   702       1.99329180       2.43302786       0.43526393
   703       1.99776393       2.43973607       0.43302786
   704       2.00000000       2.43750000       0.43750000
   705       1.99105573       2.43776393       0.43329180
   706       1.99329180       2.43552786       0.43776393
   707       1.99776393       2.44223607       0.43552786
   708       2.00000000       2.44000000       0.44000000
   709       1.99105573       2.44026393       0.43579180
   710       1.99329180       2.43802786       0.44026393
   711       1.99776393       2.44473607       0.43802786
   712       2.00000000       2.44250000       0.44250000
   713       1.99105573       2.44276393       0.43829180
   714       1.99329180       2.44052786       0.44276393
   715       1.99776393       2.44723607       0.44052786
   716       2.00000000       2.44500000       0.44500000
   717       1.99105573       2.44526393       0.44079180
   718       1.99329180       2.44302786       0.44526393
   719       1.99776393       2.44973607       0.44302786
   720       2.00000000       2.44750000       0.44750000
   721       1.99105573       2.44776393       0.44329180
   722       1.99329180       2.44552786       0.44776393
   723       1.99776393       2.45223607       0.44552786
   724       2.00000000       2.45000000       0.45000000
   725       1.99105573       2.45026393       0.44579180
   726       1.99329180       2.44802786       0.45026393
   727       1.99776393       2.45473607       0.44802786
   728       2.00000000       2.45250000       0.45250000
   729       1.99105573       2.45276393       0.44829180
   730       1.99329180       2.45052786       0.45276393
   731       1.99776393       2.45723607       0.45052786
   732       2.00000000       2.45500000       0.45500000
   733       1.99105573       2.45526393       0.45079180
   734       1.99329180       2.45302786       0.45526393
   735       1.99776393       2.45973607       0.45302786
   736       2.00000000       2.45750000       0.45750000
   737       1.99105573       2.45776393       0.45329180
   738       1.99329180       2.45552786       0.45776393
   739       1.99776393       2.46223607       0.45552786
   740       2.00000000       2.46000000       0.46000000
   741       1.99105573       2.46026393       0.45579180
   742       1.99329180       2.45802786       0.46026393
   743       1.99776393       2.46473607       0.45802786
   744       2.00000000       2.46250000       0.46250000
   745       1.99105573       2.46276393       0.45829180
   746       1.99329180       2.46052786       0.46276393
   747       1.99776393       2.46723607       0.46052786
   748       2.00000000       2.46500000       0.46500000
   749       1.99105573       2.46526393       0.46079180
   750       1.99329180       2.46302786       0.46526393
   751       1.99776393       2.46973607       0.46302786
   752       2.00000000       2.46750000       0.46750000
   753       1.99105573       2.46776393       0.46329180
   754       1.99329180       2.46552786       0.46776393
   755       1.99776393       2.47223607       0.46552786
   756       2.00000000       2.47000000       0.47000000
   757       1.99105573       2.47026393       0.46579180
   758       1.99329180       2.46802786       0.47026393
   759       1.99776393       2.47473607       0.46802786
   760       2.00000000       2.47250000       0.47250000
   761       1.99105573       2.47276393       0.46829180
   762       1.99329180       2.47052786       0.47276393
   763       1.99776393       2.47723607       0.47052786
   764       2.00000000       2.47500000       0.47500000
   765       1.99105573       2.47526393       0.47079180
   766       1.99329180       2.47302786       0.47526393
   767       1.99776393       2.47973607       0.47302786
   768       2.00000000       2.47750000       0.47750000
   769       1.99105573       2.47776393       0.47329180
   770       1.99329180       2.47552786       0.47776393
   771       1.99776393       2.48223607       0.47552786
   772       2.00000000       2.48000000       0.48000000
   773       1.99105573       2.48026393       0.47579180
   774       1.99329180       2.47802786       0.48026393
   775       1.99776393       2.48473607       0.47802786
   776       2.00000000       2.48250000       0.48250000
   777       1.99105573       2.48276393       0.47829180
   778       1.99329180       2.48052786       0.48276393
   779       1.99776393       2.48723607       0.48052786
   780       2.00000000       2.48500000       0.48500000
   781       1.99105573       2.48526393       0.48079180
   782       1.99329180       2.48302786       0.48526393
   783       1.99776393       2.48973607       0.48302786
   784       2.00000000       2.48750000       0.48750000
   785       1.99105573       2.48776393       0.48329180
   786       1.99329180       2.48552786       0.48776393
   787       1.99776393       2.49223607       0.48552786
   788       2.00000000       2.49000000       0.49000000
   789       1.99105573       2.49026393       0.48579180
   790       1.99329180       2.48802786       0.49026393
   791       1.99776393       2.49473607       0.48802786
   792       2.00000000       2.49250000       0.49250000
   793       1.99105573       2.49276393       0.48829180
   794       1.99329180       2.49052786       0.49276393
   795       1.99776393       2.49723607       0.49052786
   796       2.00000000       2.49500000       0.49500000
   797       1.99105573       2.49526393       0.49079180
   798       1.99329180       2.49302786       0.49526393
   799       1.99776393       2.49973607       0.49302786
   800       2.00000000       2.49750000       0.49750000
